0 32
1 14
2 2
3 2
4 5
5 33
6 3
7 3
8 13
9 22
10 21
11 8
12 2
13 4
14 10
15 20
16 3
17 6
18 2
19 1
20 5
21 1
22 6
23 21
24 19
25 23
26 7
27 3
28 3
29 5
30 17
31 12
32 4
33 9
34 5
35 3
36 33
37 4
38 10
39 29
40 4
41 3
42 5
43 2
44 6
45 8
46 6
47 17
48 13
49 6
50 7
51 2
52 2
53 7
54 15
55 0
56 1
57 17
58 1
59 30
60 7
61 8
62 6
63 3
64 0
65 28
66 16
67 1
68 3
69 9
70 4
71 6
72 5
73 20
74 8
75 14
76 33
77 7
78 0
79 7
80 3
81 15
82 3
83 6
84 0
85 10
86 21
87 4
88 3
89 3
90 2
91 3
92 5
93 17
94 12
95 5
96 33
97 6
98 6
99 9
100 9
101 17
102 33
103 7
104 6
105 10
106 16
107 0
108 0
109 2
110 33
111 33
112 10
113 23
114 33
115 4
116 26
117 33
118 0
119 7
120 1
121 7
122 26
123 1
124 3
125 14
126 11
127 22
128 8
129 3
130 26
131 3
132 5
133 3
134 3
135 6
136 5
137 5
138 13
139 23
140 3
141 6
142 7
143 1
144 6
145 9
146 4
147 25
148 33
149 25
150 22
151 6
152 6
153 0
154 4
155 33
156 10
157 0
158 33
159 14
160 20
161 6
162 7
163 7
164 2
165 27
166 26
167 1
168 3
169 33
170 5
171 0
172 2
173 13
174 3
175 1
176 7
177 8
178 33
179 7
180 19
181 32
182 4
183 6
184 8
185 8
186 1
187 5
188 33
189 6
190 33
191 0
192 7
193 0
194 0
195 33
196 33
197 33
198 16
199 8
200 0
201 11
202 6
203 3
204 5
205 3
206 3
207 26
208 3
209 11
210 32
211 8
212 33
213 5
214 2
215 20
216 1
217 2
218 7
219 3
220 33
221 3
222 4
223 15
224 0
225 11
226 8
227 2
228 5
229 2
230 6
231 8
232 8
233 33
234 33
235 10
236 27
237 4
238 5
239 0
240 29
241 22
242 33
243 6
244 13
245 11
246 7
247 6
248 5
249 4
250 6
251 0
252 31
253 6
254 3
255 5
256 0
257 3
258 4
259 16
260 23
261 8
262 9
263 33
264 7
265 1
266 4
267 5
268 6
269 7
270 10
271 7
272 28
273 7
274 7
275 9
276 3
277 4
278 0
279 0
280 4
281 13
282 12
283 7
284 7
285 9
286 0
287 6
288 25
289 3
290 1
291 2
292 7
293 25
294 6
295 3
296 9
297 0
298 5
299 6
300 6
301 10
302 32
303 3
304 9
305 8
306 5
307 20
308 11
309 32
310 12
311 16
312 10
313 25
314 33
315 31
316 33
317 20
318 3
319 2
320 7
321 6
322 11
323 20
324 33
325 9
326 2
327 2
328 22
329 30
330 7
331 33
332 0
333 6
334 6
335 0
336 32
337 1
338 3
339 7
340 7
341 2
342 27
343 26
344 3
345 3
346 3
347 23
348 12
349 6
350 13
351 2
352 10
353 6
354 7
355 9
356 14
357 7
358 4
359 7
360 2
361 5
362 29
363 11
364 8
365 10
366 14
367 7
368 4
369 5
370 5
371 33
372 11
373 8
374 6
375 14
376 7
377 1
378 4
379 33
380 12
381 11
382 0
383 4
384 6
385 20
386 8
387 6
388 7
389 27
390 13
391 6
392 7
393 9
394 7
395 7
396 0
397 13
398 33
399 0
400 33
401 8
402 21
403 10
404 2
405 2
406 8
407 1
408 4
409 12
410 13
411 10
412 4
413 3
414 3
415 5
416 26
417 16
418 8
419 2
420 0
421 1
422 3
423 12
424 23
425 25
426 2
427 2
428 2
429 10
430 21
431 8
432 0
433 0
434 6
435 7
436 21
437 9
438 5
439 6
440 4
441 4
442 25
443 11
444 3
445 0
446 17
447 13
448 6
449 7
450 3
451 4
452 26
453 10
454 0
455 3
456 4
457 8
458 0
459 20
460 28
461 6
462 2
463 2
464 0
465 10
466 6
467 1
468 3
469 8
470 0
471 22
472 11
473 14
474 33
475 14
476 28
477 16
478 26
479 5
480 0
481 2
482 11
483 3
484 9
485 1
486 5
487 17
488 33
489 31
490 0
491 3
492 2
493 4
494 2
495 5
496 3
497 25
498 6
499 7
500 17
501 13
502 6
503 6
504 8
505 20
506 22
507 11
508 3
509 4
510 33
511 33
512 27
513 33
514 10
515 4
516 8
517 0
518 6
519 14
520 16
521 33
522 33
523 6
524 4
525 6
526 14
527 28
528 3
529 4
530 10
531 27
532 7
533 9
534 8
535 0
536 0
537 8
538 21
539 10
540 2
541 2
542 4
543 3
544 20
545 3
546 7
547 29
548 9
549 6
550 27
551 9
552 29
553 6
554 5
555 19
556 8
557 9
558 10
559 3
560 31
561 5
562 4
563 32
564 33
565 33
566 33
567 8
568 0
569 9
570 13
571 31
572 0
573 3
574 33
575 33
576 33
577 11
578 5
579 7
580 3
581 25
582 4
583 33
584 0
585 0
586 3
587 13
588 17
589 8
590 14
591 22
592 3
593 6
594 5
595 3
596 26
597 7
598 33
599 7
600 2
601 4
602 3
603 1
604 10
605 32
606 22
607 3
608 6
609 33
610 8
611 11
612 14
613 7
614 4
615 2
616 7
617 29
618 27
619 7
620 2
621 4
622 3
623 4
624 32
625 4
626 3
627 1
628 19
629 6
630 3
631 3
632 0
633 10
634 26
635 2
636 2
637 22
638 26
639 12
640 6
641 1
642 5
643 3
644 33
645 5
646 20
647 19
648 4
649 2
650 6
651 0
652 29
653 14
654 11
655 6
656 0
657 33
658 32
659 11
660 4
661 7
662 3
663 15
664 5
665 6
666 9
667 0
668 1
669 2
670 14
671 33
672 33
673 33
674 33
675 27
676 20
677 6
678 2
679 7
680 8
681 10
682 22
683 25
684 12
685 24
686 7
687 5
688 15
689 25
690 9
691 5
692 0
693 3
694 21
695 14
696 4
697 0
698 21
699 10
700 4
701 9
702 6
703 3
704 3
705 14
706 21
707 26
708 2
709 3
710 1
711 15
712 4
713 9
714 0
715 8
716 0
717 27
718 33
719 33
720 0
721 9
722 5
723 2
724 10
725 34
726 12
727 33
728 33
729 3
730 4
731 8
732 30
733 10
734 2
735 4
736 3
737 1
738 14
739 22
740 9
741 9
742 4
743 2
744 3
745 1
746 23
747 17
748 4
749 3
750 11
751 3
752 7
753 11
754 2
755 12
756 3
757 5
758 6
759 8
760 11
761 15
762 8
763 1
764 5
765 8
766 6
767 14
768 7
769 1
770 2
771 4
772 17
773 13
774 6
775 0
776 1
777 8
778 32
779 22
780 14
781 3
782 3
783 2
784 5
785 8
786 3
787 31
788 1
789 3
790 4
791 1
792 5
793 3
794 21
795 15
796 6
797 0
798 7
799 0
800 0
801 3
802 1
803 20
804 27
805 4
806 10
807 3
808 28
809 7
810 3
811 1
812 26
813 27
814 5
815 3
816 4
817 6
818 7
819 10
820 3
821 27
822 8
823 7
824 4
825 9
826 12
827 7
828 11
829 3
830 7
831 7
832 6
833 13
834 27
835 1
836 0
837 8
838 33
839 5
840 5
841 6
842 22
843 25
844 19
845 33
846 14
847 25
848 24
849 9
850 5
851 4
852 1
853 2
854 5
855 4
856 4
857 12
858 21
859 2
860 4
861 21
862 25
863 2
864 0
865 4
866 1
867 1
868 2
869 3
870 14
871 30
872 3
873 4
874 33
875 8
876 0
877 2
878 9
879 15
880 11
881 3
882 1
883 10
884 11
885 19
886 7
887 3
888 6
889 3
890 4
891 11
892 20
893 3
894 5
895 8
896 5
897 3
898 6
899 14
900 17
901 5
902 33
903 3
904 4
905 33
906 4
907 9
908 31
909 7
910 1
911 13
912 4
913 3
914 6
915 9
916 7
917 2
918 26
919 1
920 3
921 10
922 33
923 4
924 33
925 7
926 4
927 20
928 3
929 1
930 26
931 1
932 6
933 8
934 8
935 8
936 7
937 10
938 26
939 8
940 7
941 2
942 4
943 11
944 28
945 6
946 8
947 15
948 11
949 0
950 6
951 4
952 1
953 5
954 2
955 8
956 15
957 2
958 12
959 2
960 33
961 0
962 10
963 25
964 2
965 33
966 3
967 27
968 12
969 3
970 22
971 33
972 9
973 3
974 0
975 0
976 2
977 14
978 25
979 0
980 5
981 0
982 7
983 25
984 2
985 11
986 2
987 0
988 7
989 7
990 13
991 6
992 7
993 33
994 1
995 0
996 1
997 3
998 1
999 14
1000 3
1001 1
1002 10
1003 19
1004 20
1005 3
1006 2
1007 25
1008 16
1009 12
1010 3
1011 9
1012 5
1013 3
1014 4
1015 31
1016 20
1017 2
1018 3
1019 2
1020 2
1021 3
1022 1
1023 6
1024 22
1025 26
1026 7
1027 33
1028 0
1029 20
1030 32
1031 33
1032 2
1033 5
1034 11
1035 23
1036 1
1037 6
1038 1
1039 6
1040 28
1041 10
1042 2
1043 5
1044 4
1045 25
1046 0
1047 33
1048 9
1049 2
1050 2
1051 3
1052 4
1053 14
1054 31
1055 0
1056 3
1057 7
1058 6
1059 13
1060 13
1061 4
1062 4
1063 11
1064 8
1065 6
1066 4
1067 12
1068 9
1069 7
1070 9
1071 2
1072 7
1073 1
1074 25
1075 11
1076 2
1077 6
1078 7
1079 19
1080 16
1081 4
1082 3
1083 5
1084 33
1085 6
1086 6
1087 14
1088 33
1089 12
1090 10
1091 3
1092 30
1093 16
1094 3
1095 4
1096 11
1097 26
1098 32
1099 1
1100 2
1101 2
1102 33
1103 33
1104 11
1105 10
1106 0
1107 5
1108 2
1109 8
1110 33
1111 33
1112 6
1113 8
1114 11
1115 14
1116 33
1117 3
1118 0
1119 9
1120 3
1121 6
1122 25
1123 7
1124 2
1125 4
1126 23
1127 22
1128 2
1129 33
1130 8
1131 6
1132 11
1133 15
1134 6
1135 3
1136 2
1137 33
1138 8
1139 6
1140 9
1141 13
1142 11
1143 6
1144 5
1145 1
1146 0
1147 33
1148 6
1149 4
1150 2
1151 32
1152 7
1153 3
1154 8
1155 27
1156 15
1157 1
1158 3
1159 4
1160 8
1161 33
1162 5
1163 22
1164 20
1165 8
1166 12
1167 10
1168 7
1169 8
1170 9
1171 10
1172 20
1173 8
1174 4
1175 17
1176 11
1177 10
1178 4
1179 5
1180 7
1181 5
1182 3
1183 1
1184 15
1185 1
1186 3
1187 1
1188 2
1189 8
1190 7
1191 28
1192 28
1193 4
1194 3
1195 5
1196 4
1197 9
1198 23
1199 3
1200 6
1201 30
1202 5
1203 20
1204 9
1205 25
1206 9
1207 0
1208 3
1209 1
1210 26
1211 27
1212 5
1213 2
1214 6
1215 20
1216 11
1217 6
1218 7
1219 2
1220 3
1221 20
1222 5
1223 7
1224 7
1225 27
1226 26
1227 1
1228 3
1229 33
1230 3
1231 1
1232 26
1233 3
1234 1
1235 4
1236 33
1237 6
1238 8
1239 11
1240 12
1241 7
1242 5
1243 8
1244 4
1245 3
1246 12
1247 10
1248 9
1249 15
1250 5
1251 0
1252 7
1253 6
1254 10
1255 11
1256 0
1257 9
1258 7
1259 7
1260 6
1261 26
1262 2
1263 2
1264 16
1265 7
1266 13
1267 11
1268 15
1269 8
1270 4
1271 2
1272 2
1273 10
1274 10
1275 15
1276 7
1277 4
1278 4
1279 5
1280 5
1281 8
1282 11
1283 10
1284 6
1285 7
1286 3
1287 17
1288 30
1289 8
1290 7
1291 33
1292 7
1293 6
1294 10
1295 23
1296 24
1297 6
1298 7
1299 33
1300 7
1301 30
1302 3
1303 0
1304 8
1305 8
1306 4
1307 3
1308 31
1309 3
1310 33
1311 33
1312 6
1313 7
1314 10
1315 15
1316 5
1317 2
1318 5
1319 1
1320 7
1321 5
1322 11
1323 33
1324 11
1325 1
1326 3
1327 9
1328 9
1329 4
1330 20
1331 28
1332 3
1333 6
1334 5
1335 9
1336 10
1337 10
1338 12
1339 0
1340 8
1341 4
1342 26
1343 1
1344 27
1345 10
1346 0
1347 3
1348 33
1349 33
1350 6
1351 3
1352 0
1353 3
1354 7
1355 15
1366 10
1357 23
1358 20
1359 9
1360 3
1361 7
1362 9
1363 2
1364 2
1365 13
1366 10
1367 2
1368 5
1369 4
1370 7
1371 2
1372 29
1373 10
1374 17
1375 2
1376 4
1377 33
1378 6
1379 8
1380 16
1381 11
1382 5
1383 8
1384 9
1385 33
1386 6
1387 8
1388 11
1389 12
1390 8
1391 0
1392 8
1393 7
1394 3
1395 33
1396 1
1397 3
1398 4
1399 26
1400 19
1401 8
1402 5
1403 2
1404 4
1405 33
1406 33
1407 2
1408 0
1409 7
1410 22
1411 3
1412 33
1413 17
1414 14
1415 9
1416 7
1417 8
1418 33
1419 33
1420 33
1421 6
1422 0
1423 4
1424 25
1425 32
1426 0
1427 1
1428 3
1429 8
1430 31
1431 15
1432 0
1433 8
1434 0
1435 33
1436 33
1437 33
1438 0
1439 1
1440 4
1441 14
1442 33
1443 33
1444 7
1445 11
1446 5
1447 16
1448 9
1449 5
1450 4
1451 8
1452 6
1453 26
1454 26
1455 1
1456 3
1457 7
1458 19
1459 8
1460 1
1461 6
1462 2
1463 5
1464 7
1465 13
1466 3
1467 3
1468 33
1469 30
1470 10
1471 1
1472 3
1473 6
1474 1
1475 10
1476 11
1477 7
1478 4
1479 7
1480 33
1481 33
1482 1
1483 3
1484 33
1485 20
1486 5
1487 3
1488 4
1489 33
1490 33
1491 3
1492 3
1493 31
1494 22
1495 14
1496 9
1497 2
1498 4
1499 3
1500 4
1501 14
1502 14
1503 4
1504 5
1505 33
1506 20
1507 11
1508 4
1509 3
1510 0
1511 3
1512 20
1513 4
1514 2
1515 26
1516 3
1517 21
1518 14
1519 3
1520 8
1521 6
1522 8
1523 16
1524 6
1525 0
1526 8
1527 4
1528 5
1529 8
1530 14
1531 1
1532 3
1533 33
1534 33
1535 33
1536 0
1537 5
1538 15
1539 26
1540 7
1541 6
1542 4
1543 27
1544 28
1545 9
1546 2
1547 2
1548 2
1549 10
1550 11
1551 33
1552 9
1553 9
1554 8
1555 6
1556 20
1557 8
1558 3
1559 8
1560 2
1561 29
1562 30
1563 4
1564 3
1565 3
1566 8
1567 32
1568 14
1569 10
1570 3
1571 27
1572 3
1573 9
1574 3
1575 3
1576 9
1577 23
1578 26
1579 8
1580 7
1581 9
1582 2
1583 8
1584 7
1585 20
1586 33
1587 33
1588 3
1589 33
1590 11
1591 10
1592 4
1593 5
1594 4
1595 6
1596 10
1597 26
1598 1
1599 9
1600 30
1601 0
1602 8
1603 6
1604 1
1605 33
1606 3
1607 7
1608 9
1609 3
1610 31
1611 26
1612 4
1613 3
1614 12
1615 10
1616 9
1617 2
1618 9
1619 3
1620 30
1621 16
1622 4
1623 22
1624 5
1625 23
1626 3
1627 33
1628 7
1629 9
1630 15
1631 10
1632 0
1633 3
1634 3
1635 4
1636 19
1637 16
1638 7
1639 29
1640 31
1641 19
1642 6
1643 1
1644 4
1645 4
1646 17
1647 2
1648 3
1649 7
1650 5
1651 9
1652 5
1653 11
1654 16
1655 10
1656 1
1657 3
1658 0
1659 2
1660 0
1661 5
1662 12
1663 9
1664 1
1665 1
1666 6
1667 14
1668 0
1669 3
1670 33
1671 2
1672 0
1673 5
1674 4
1675 20
1676 11
1677 14
1678 2
1679 1
1680 2
1681 31
1682 2
1683 6
1684 8
1685 33
1686 12
1687 28
1688 1
1689 28
1690 9
1691 1
1692 27
1693 26
1694 0
1695 10
1696 12
1697 6
1698 7
1699 13
1700 26
1701 9
1702 9
1703 4
1704 4
1705 3
1706 29
1707 8
1708 31
1709 0
1710 1
1711 0
1712 0
1713 9
1714 9
1715 22
1716 26
1717 2
1718 2
1719 4
1720 8
1721 1
1722 4
1723 1
1724 26
1725 11
1726 6
1727 0
1728 3
1729 2
1730 6
1731 17
1732 28
1733 3
1734 6
1735 3
1736 1
1737 26
1738 16
1739 6
1740 2
1741 5
1742 8
1743 13
1744 4
1745 26
1746 6
1747 7
1748 1
1749 7
1750 8
1751 7
1752 19
1753 32
1754 4
1755 3
1756 0
1757 14
1758 19
1759 15
1760 1
1761 9
1762 25
1763 21
1764 0
1765 4
1766 8
1767 6
1768 8
1769 11
1770 16
1771 7
1772 7
1773 20
1774 14
1775 5
1776 7
1777 3
1778 7
1779 10
1780 6
1781 6
1782 23
1783 2
1784 8
1785 7
1786 2
1787 8
1788 9
1789 8
1790 3
1791 3
1792 1
1793 26
1794 30
1795 8
1796 2
1797 7
1798 9
1799 5
1800 2
1801 6
1802 22
1803 11
1804 14
1805 33
1806 9
1807 6
1808 12
1809 5
1810 13
1811 3
1812 25
1813 28
1814 4
1815 8
1816 8
1817 28
1818 10
1819 26
1820 3
1821 3
1822 1
1823 10
1824 23
1825 17
1826 6
1827 2
1828 5
1829 9
1830 2
1831 8
1832 31
1833 32
1834 4
1835 2
1836 3
1837 1
1838 4
1839 33
1840 33
1841 23
1842 7
1843 9
1844 1
1845 24
1846 17
1847 2
1848 0
1849 5
1850 10
1851 3
1852 27
1853 25
1854 0
1855 3
1856 0
1857 6
1858 3
1859 14
1860 33
1861 33
1862 1
1863 8
1864 9
1865 30
1866 17
1867 5
1868 5
1869 1
1870 1
1871 7
1872 11
1873 3
1874 2
1875 13
1876 19
1877 14
1878 3
1879 3
1880 6
1881 10
1882 14
1883 5
1884 3
1885 6
1886 7
1887 26
1888 1
1889 3
1890 33
1891 12
1892 9
1893 3
1894 5
1895 4
1896 4
1897 8
1898 29
1899 26
1900 1
1901 3
1902 0
1903 7
1904 0
1905 31
1906 7
1907 2
1908 27
1909 24
1910 24
1911 25
1912 6
1913 32
1914 4
1915 0
1916 24
1917 6
1918 6
1919 33
1920 5
1921 5
1922 33
1923 33
1924 3
1925 1
1926 32
1927 11
1928 5
1929 9
1930 9
1931 6
1932 2
1933 7
1934 5
1935 13
1936 3
1937 3
1938 6
1939 33
1940 11
1941 9
1942 5
1943 3
1944 10
1945 3
1946 1
1947 2
1948 1
1949 20
1950 33
1951 33
1952 5
1953 6
1954 10
1955 20
1956 5
1957 2
1958 7
1959 33
1960 1
1961 6
1962 8
1963 31
1964 33
1965 4
1966 2
1967 17
1968 10
1969 29
1970 2
1971 7
1972 2
1973 2
1974 23
1975 21
1976 3
1977 2
1978 6
1979 2
1980 13
1981 6
1982 7
1983 8
1984 1
1985 26
1986 1
1987 6
1988 7
1989 11
1990 8
1991 33
1992 7
1993 4
1994 1
1995 23
1996 9
1997 0
1998 20
1999 1
2000 11
2001 26
2002 10
2003 3
2004 11
2005 3
2006 17
2007 5
2008 2
2009 4
2010 4
2011 2
2012 9
2013 2
2014 9
2015 15
2016 13
2017 11
2018 6
2019 9
2020 3
2021 1
2022 7
2023 4
2024 13
2025 1
2026 3
2027 33
2028 2
2029 19
2030 26
2031 2
2032 2
2033 6
2034 7
2035 3
2036 2
2037 7
2038 29
2039 27
2040 7
2041 2
2042 7
2043 6
2044 3
2045 0
2046 7
2047 24
2048 7
2049 9
2050 1
2051 0
2052 31
2053 0
2054 3
2055 2
2056 6
2057 21
2058 11
2059 26
2060 1
2061 3
2062 0
2063 4
2064 13
2065 0
2066 14
2067 7
2068 5
2069 6
2070 2
2071 31
2072 26
2073 3
2074 14
2075 14
2076 14
2077 9
2078 6
2079 1
2080 6
2081 0
2082 1
2083 5
2084 5
2085 33
2086 9
2087 9
2088 14
2089 4
2090 14
2091 11
2092 20
2093 9
2094 5
2095 2
2096 8
2097 7
2098 8
2099 15
2100 10
2101 6
2102 7
2103 33
2104 2
2105 2
2106 26
2107 16
2108 7
2109 6
2110 7
2111 7
2112 2
2113 29
2114 10
2115 17
2116 2
2117 4
2118 18
2119 33
2120 33
2121 7
2122 3
2123 11
2124 17
2125 3
2126 6
2127 4
2128 9
2129 17
2130 20
2131 22
2132 22
2133 7
2134 6
2135 3
2136 5
2137 10
2138 4
2139 9
2140 4
2141 19
2142 11
2143 10
2144 3
2145 3
2146 1
2147 33
2148 6
2149 12
2150 12
2151 11
2152 0
2153 3
2154 8
2155 8
2156 9
2157 26
2158 15
2159 10
2160 5
2161 3
2162 33
2163 0
2164 8
2165 1
2166 9
2167 9
2168 6
2169 2
2170 3
2171 15
2172 15
2173 11
2174 17
2175 9
2176 2
2177 5
2178 8
2179 17
2180 17
2181 3
2182 1
2183 14
2184 22
2185 0
2186 8
2187 5
2188 20
2189 33
2190 5
2191 6
2192 14
2193 6
2194 33
2195 0
2196 1
2197 0
2198 4
2199 8
2200 6
2201 26
2202 26
2203 33
2204 3
2205 5
2206 4
2207 7
2208 15
2209 10
2210 10
2211 2
2212 2
2213 33
2214 9
2215 3
2216 4
2217 12
2218 26
2219 1
2220 3
2221 3
2222 4
2223 11
2224 23
2225 22
2226 5
2227 2
2228 3
2229 10
2230 6
2231 8
2232 6
2233 7
2234 11
2235 3
2236 10
2237 4
2238 0
2239 3
2240 27
2241 17
2242 32
2243 5
2244 0
2245 8
2246 28
2247 19
2248 8
2249 3
2250 3
2251 8
2252 19
2253 28
2254 8
2255 0
2256 5
2257 9
2258 7
2259 24
2260 2
2261 11
2262 14
2263 33
2264 23
2265 10
2266 17
2267 33
2268 2
2269 7
2270 20
2271 21
2272 10
2273 1
2274 3
2275 4
2276 4
2277 9
2278 33
2279 6
2280 7
2281 0
2282 7
2283 24
2284 9
2285 13
2286 27
2287 4
2288 3
2289 3
2290 0
2291 31
2292 14
2293 5
2294 7
2295 9
2296 2
2297 6
2298 22
2299 27
2300 11
2301 4
2302 3
2303 4
2304 3
2305 27
2306 0
2307 9
2308 0
2309 7
2310 0
2311 0
2312 0
2313 3
2314 13
2315 17
2316 8
2317 6
2318 0
2319 5
2320 6
2321 8
2322 22
2323 25
2324 33
2325 3
2326 33
2327 8
2328 6
2329 12
2330 11
2331 8
2332 7
2333 5
2334 4
2335 2
2336 10
2337 30
2338 8
2339 4
2340 3
2341 6
2342 19
2343 13
2344 10
2345 3
2346 14
2347 14
2348 2
2349 2
2350 0
2351 6
2352 3
2353 1
2354 10
2355 11
2356 21
2357 6
2358 0
2359 7
2360 3
2361 9
2362 5
2363 29
2364 33
2365 33
2366 24
2367 2
2368 24
2369 10
2370 12
2371 0
2372 23
2373 2
2374 4
2375 32
2376 0
2377 5
2378 8
2379 4
2380 0
2381 21
2382 10
2383 9
2384 6
2385 16
2386 14
2387 0
2388 0
2389 4
2390 23
2391 12
2392 8
2393 7
2394 9
2395 12
2396 28
2397 9
2398 20
2399 11
2400 17
2401 5
2402 5
2403 6
2404 4
2405 10
2406 10
2407 4
2408 8
2409 8
2410 9
2411 2
2412 1
2413 3
2414 4
2415 10
2416 14
2417 9
2418 33
2419 10
2420 3
2421 7
2422 4
2423 4
2424 20
2425 33
2426 33
2427 33
2428 2
2429 2
2430 15
2431 22
2432 3
2433 6
2434 33
2435 3
2436 7
2437 26
2438 20
2439 26
2440 4
2441 3
2442 8
2443 31
2444 17
2445 30
2446 4
2447 3
2448 9
2449 1
2450 5
2451 17
2452 31
2453 0
2454 3
2455 8
2456 7
2457 3
2458 29
2459 13
2460 11
2461 6
2462 0
2463 6
2464 33
2465 4
2466 5
2467 2
2468 31
2469 10
2470 3
2471 12
2472 9
2473 23
2474 33
2475 33
2476 0
2477 0
2478 9
2479 29
2480 23
2481 3
2482 6
2483 4
2484 6
2485 5
2486 23
2487 14
2488 11
2489 4
2490 3
2491 9
2492 5
2493 7
2494 20
2495 11
2496 14
2497 11
2498 7
2499 12
2500 4
2501 3
2502 8
2503 8
2504 4
2505 32
2506 14
2507 6
2508 1
2509 27
2510 3
2511 27
2512 0
2513 6
2514 10
2515 15
2516 33
2517 33
2518 33
2519 0
2520 16
2521 24
2522 11
2523 5
2524 6
2525 2
2526 2
2527 26
2528 25
2529 9
2530 0
2531 0
2532 4
2533 4
2534 1
2535 22
2536 33
2537 33
2538 33
2539 2
2540 5
2541 33
2542 3
2543 4
2544 29
2545 10
2546 4
2547 6
2548 9
2549 4
2550 33
2551 31
2552 32
2553 1
2554 9
2555 6
2556 3
2557 23
2558 13
2559 3
2560 9
2561 23
2562 28
2563 7
2564 7
2565 7
2566 16
2567 14
2568 0
2569 0
2570 2
2571 10
2572 12
2573 33
2574 6
2575 8
2576 33
2577 7
2578 0
2579 9
2580 20
2581 28
2582 17
2583 24
2584 1
2585 3
2586 6
2587 14
2588 33
2589 4
2590 3
2591 21
2592 10
2593 3
2594 2
2595 0
2596 3
2597 5
2598 5
2599 6
2600 20
2601 32
2602 3
2603 3
2604 26
2605 21
2606 14
2607 4
2608 2
2609 33
2610 12
2611 11
2612 9
2613 0
2614 2
2615 3
2616 20
2617 33
2618 33
2619 5
2620 6
2621 6
2622 33
2623 10
2624 32
2625 6
2626 4
2627 8
2628 13
2629 13
2630 3
2631 1
2632 14
2633 22
2634 11
2635 6
2636 9
2637 0
2638 11
2639 10
2640 6
2641 7
2642 0
2643 7
2644 19
2645 27
2646 8
2647 7
2648 16
2649 11
2650 8
2651 33
2652 11
2653 8
2654 8
2655 3
2656 7
2657 10
2658 1
2659 3
2660 2
2661 1
2662 1
2663 2
2664 26
2665 8
2666 6
2667 3
2668 1
2669 26
2670 7
2671 8
2672 1
2673 5
2674 7
2675 9
2676 3
2677 6
2678 13
2679 4
2680 0
2681 8
2682 1
2683 4
2684 5
2685 33
2686 32
2687 19
2688 4
2689 3
2690 7
2691 3
2692 7
2693 11
2694 20
2695 12
2696 6
2697 7
2698 5
2699 6
2700 6
2701 4
2702 16
2703 25
2704 2
2705 2
2706 4
2707 3
2708 0
2709 23
2710 22
2711 2
2712 14
2713 33
2714 9
2715 3
2716 1
2717 8
2718 7
2719 4
2720 6
2721 6
2722 7
2723 22
2724 11
2725 14
2726 3
2727 4
2728 33
2729 28
2730 31
2731 3
2732 1
2733 9
2734 24
2735 33
2736 6
2737 2
2738 7
2739 13
2740 6
2741 9
2742 32
2743 10
2744 5
2745 9
2746 4
2747 11
2748 26
2749 3
2750 11
2751 10
2752 9
2753 8
2754 6
2755 3
2756 10
2757 26
2758 12
2759 1
2760 6
2761 12
2762 11
2763 24
2764 3
2765 33
2766 4
2767 0
2768 2
2769 10
2770 13
2771 1
2772 3
2773 2
2774 4
2775 31
2776 14
2777 23
2778 3
2779 33
2780 7
2781 1
2782 4
2783 9
2784 31
2785 13
2786 4
2787 3
2788 16
2789 14
2790 7
2791 6
2792 2
2793 3
2794 10
2795 11
2796 3
2797 1
2798 10
2799 30
2800 27
2801 6
2802 8
2803 1
2804 6
2805 23
2806 31
2807 20
2808 3
2809 3
2810 1
2811 6
2812 25
2813 23
2814 6
2815 1
2816 4
2817 8
2818 0
2819 15
2820 8
2821 3
2822 6
2823 8
2824 16
2825 11
2826 33
2827 1
2828 9
2829 8
2830 2
2831 13
2832 2
2833 31
2834 6
2835 0
2836 4
2837 9
2838 5
2839 2
2840 6
2841 22
2842 11
2843 14
2844 20
2845 24
2846 23
2847 3
2848 7
2849 3
2850 0
2851 28
2852 10
2853 32
2854 8
2855 8
2856 7
2857 5
2858 1
2859 6
2860 27
2861 11
2862 12
2863 3
2864 1
2865 4
2866 2
2867 32
2868 0
2869 10
2870 6
2871 1
2872 6
2873 30
2874 23
2875 5
2876 6
2877 9
2878 5
2879 4
2880 9
2881 9
2882 5
2883 33
2884 5
2885 33
2886 33
2887 33
2888 33
2889 33
2890 33
2891 33
2892 33
2893 33
2894 33
2895 33
2896 33
2897 33
2898 33
2899 33
2900 33
2901 33
2902 33
2903 33
2904 33
2905 33
2906 3
2907 6
2908 2
2909 15
2910 11
2911 8
2912 6
2913 0
2914 9
2915 7
2916 15
2917 13
2918 6
2919 7
2920 1
2921 8
2922 9
2923 30
2924 17
2925 4
2926 4
2927 9
2928 1
2929 11
2930 23
2931 12
2932 1
2933 0
2934 14
2935 2
2936 4
2937 2
2938 0
2939 20
2940 12
2941 6
2942 3
2943 5
2944 22
2945 14
2946 2
2947 11
2948 33
2949 17
2950 11
2951 14
2952 7
2953 9
2954 7
2955 9
2956 7
2957 8
2958 26
2959 23
2960 9
2961 24
2962 6
2963 0
2964 2
2965 4
2966 14
2967 33
2968 0
2969 6
2970 6
2971 9
2972 25
2973 28
2974 4
2975 3
2976 33
2977 6
2978 8
2979 13
2980 11
2981 6
2982 7
2983 8
2984 3
2985 4
2986 10
2987 18
2988 9
2989 11
2990 8
2991 5
2992 8
2993 6
2994 11
2995 3
2996 6
2997 3
2998 33
2999 32
3000 11
3001 26
3002 1
3003 3
3004 9
3005 2
3006 7
3007 10
3008 28
3009 4
3010 3
3011 6
3012 3
3013 20
3014 8
3015 8
3016 1
3017 14
3018 4
3019 2
3020 9
3021 12
3022 11
3023 2
3024 2
3025 12
3026 11
3027 3
3028 7
3029 3
3030 7
3031 20
3032 9
3033 6
3034 6
3035 29
3036 14
3037 1
3038 3
3039 25
3040 22
3041 10
3042 7
3043 8
3044 7
3045 5
3046 3
3047 1
3048 3
3049 26
3050 10
3051 32
3052 6
3053 2
3054 6
3055 1
3056 6
3057 5
3058 22
3059 11
3060 14
3061 2
3062 8
3063 8
3064 1
3065 13
3066 4
3067 0
3068 33
3069 1
3070 14
3071 32
3072 4
3073 33
3074 27
3075 20
3076 0
3077 9
3078 5
3079 8
3080 10
3081 15
3082 14
3083 11
3084 22
3085 7
3086 8
3087 4
3088 5
3089 2
3090 2
3091 26
3092 16
3093 7
3094 24
3095 0
3096 6
3097 25
3098 20
3099 25
3100 33
3101 6
3102 5
3103 14
3104 27
3105 1
3106 1
3107 6
3108 30
3109 28
3110 0
3111 5
3112 32
3113 3
3114 4
3115 12
3116 28
3117 28
3118 3
3119 4
3120 1
3121 11
3122 9
3123 7
3124 7
3125 12
3126 13
3127 5
3128 0
3129 33
3130 11
3131 22
3132 9
3133 6
3134 9
3135 14
3136 5
3137 14
3138 17
3139 10
3140 4
3141 33
3142 9
3143 33
3144 3
3145 26
3146 33
3147 4
3148 1
3149 1
3150 3
3151 5
3152 20
3153 13
3154 3
3155 7
3156 7
3157 13
3158 6
3159 33
3160 5
3161 8
3162 33
3163 33
3164 33
3165 2
3166 32
3167 4
3168 3
3169 0
3170 7
3171 6
3172 10
3173 19
3174 3
3175 2
3176 9
3177 4
3178 6
3179 3
3180 1
3181 19
3182 32
3183 4
3184 3
3185 33
3186 27
3187 5
3188 5
3189 20
3190 27
3191 10
3192 7
3193 24
3194 33
3195 20
3196 23
3197 22
3198 4
3199 1
3200 2
3201 4
3202 3
3203 8
3204 2
3205 7
3206 2
3207 4
3208 26
3209 21
3210 11
3211 4
3212 3
3213 33
3214 7
3215 9
3216 3
3217 6
3218 4
3219 0
3220 4
3221 2
3222 7
3223 24
3224 13
3225 6
3226 3
3227 12
3228 23
3229 7
3230 8
3231 24
3232 22
3233 26
3234 7
3235 3
3236 4
3237 26
3238 14
3239 1
3240 6
3241 3
3242 2
3243 1
3244 7
3245 1
3246 15
3247 1
3248 3
3249 2
3250 2
3251 7
3252 8
3253 4
3254 20
3255 8
3256 11
3257 5
3258 5
3259 33
3260 20
3261 0
3262 32
3263 5
3264 9
3265 7
3266 3
3267 4
3268 25
3269 12
3270 26
3271 9
3272 5
3273 12
3274 11
3275 3
3276 7
3277 3
3278 4
3279 33
3280 3
3281 9
3282 2
3283 23
3284 26
3285 3
3286 33
3287 7
3288 6
3289 10
3290 12
3291 9
3292 3
3293 8
3294 21
3295 10
3296 3
3297 7
3298 3
3299 20
3300 27
3301 4
3302 13
3303 13
3304 13
3305 5
3306 8
3307 0
3308 4
3309 33
3310 20
3311 5
3312 6
3313 9
3314 4
3315 16
3316 26
3317 3
3318 2
3319 2
3320 22
3321 6
3322 9
3323 32
3324 11
3325 4
3326 1
3327 5
3328 3
3329 4
3330 0
3331 9
3332 25
3333 20
3334 9
3335 4
3336 6
3337 3
3338 31
3339 15
3340 7
3341 2
3342 6
3343 8
3344 11
3345 16
3346 9
3347 9
3348 8
3349 2
3350 5
3351 3
3352 10
3353 14
3354 1
3355 3
3356 2
3357 6
3358 7
3359 10
3360 3
3361 9
3362 11
3363 4
3364 8
3365 2
3366 12
3367 13
3368 6
3369 7
3370 9
3371 9
3372 7
3373 23
3374 23
3375 33
3376 3
3377 4
3378 30
3379 10
3380 4
3381 4
3382 33
3383 8
3384 4
3385 6
3386 5
3387 23
3388 27
3389 6
3390 2
3391 6
3392 8
3393 7
3394 15
3395 13
3396 6
3397 7
3398 33
3399 33
3400 33
3401 11
3402 10
3403 7
3404 0
3405 6
3406 0
3407 10
3408 20
3409 6
3410 3
3411 0
3412 28
3413 16
3414 1
3415 3
3416 33
3417 33
3418 33
3419 7
3420 2
3421 1
3422 2
3423 10
3424 11
3425 2
3426 2
3427 25
3428 11
3429 7
3430 24
3431 5
3432 4
3433 2
3434 6
3435 20
3436 11
3437 5
3438 33
3439 32
3440 0
3441 8
3442 5
3443 4
3444 33
3445 0
3446 1
3447 8
3448 8
3449 1
3450 3
3451 33
3452 3
3453 1
3454 33
3455 26
3456 27
3457 4
3458 8
3459 7
3460 3
3461 4
3462 25
3463 22
3464 11
3465 6
3466 5
3467 0
3468 17
3469 11
3470 14
3471 7
3472 33
3473 9
3474 7
3475 2
3476 2
3477 23
3478 21
3479 9
3480 9
3481 9
3482 33
3483 33
3484 26
3485 10
3486 4
3487 6
3488 8
3489 4
3490 10
3491 11
3492 33
3493 14
3494 22
3495 3
3496 7
3497 4
3498 3
3499 3
3500 20
3501 31
3502 23
3503 6
3504 1
3505 6
3506 3
3507 3
3508 22
3509 14
3510 3
3511 11
3512 33
3513 8
3514 0
3515 22
3516 11
3517 14
3518 33
3519 33
3520 14
3521 2
3522 6
3523 8
3524 4
3525 4
3526 11
3527 15
3528 5
3529 6
3530 25
3531 31
3532 17
3533 5
3534 3
3535 3
3536 8
3537 30
3538 31
3539 8
3540 3
3541 0
3542 6
3543 17
3544 22
3545 22
3546 2
3547 5
3548 9
3549 5
3550 33
3551 17
3552 10
3553 2
3554 7
3555 32
3556 6
3557 33
3558 33
3559 33
3560 33
3561 14
3562 14
3563 33
3564 33
3565 33
3566 33
3567 33
3568 33
3569 33
3570 3
3571 33
3572 22
3573 33
3574 6
3575 15
3576 3
3577 1
3578 10
3579 20
3580 11
3581 14
3582 5
3583 8
3584 24
3585 3
3586 4
3587 11
3588 22
3589 5
3590 9
3591 0
3592 2
3593 6
3594 4
3595 7
3596 6
3597 22
3598 11
3599 14
3600 4
3601 3
3602 26
3603 19
3604 8
3605 5
3606 32
3607 4
3608 14
3609 6
3610 22
3611 11
3612 5
3613 9
3614 25
3615 21
3616 24
3617 4
3618 8
3619 4
3620 25
3621 30
3622 9
3623 6
3624 3
3625 7
3626 2
3627 2
3628 27
3629 26
3630 1
3631 3
3632 0
3633 27
3634 10
3635 26
3636 1
3637 33
3638 33
3639 33
3640 11
3641 17
3642 0
3643 5
3644 2
3645 1
3646 10
3647 5
3648 3
3649 22
3650 26
3651 12
3652 6
3653 1
3654 2
3655 5
3656 16
3657 10
3658 3
3659 26
3660 19
3661 2
3662 0
3663 7
3664 2
3665 5
3666 20
3667 10
3668 6
3669 5
3670 33
3671 33
3672 27
3673 28
3674 6
3675 9
3676 2
3677 2
3678 10
3679 11
3680 0
3681 2
3682 6
3683 20
3684 25
3685 9
3686 3
3687 5
3688 1
3689 24
3690 26
3691 30
3692 4
3693 3
3694 5
3695 4
3696 19
3697 25
3698 13
3699 2
3700 4
3701 33
3702 24
3703 6
3704 19
3705 10
3706 7
3707 3
3708 2
3709 9
3710 33
3711 6
3712 8
3713 11
3714 33
3715 12
3716 8
3717 8
3718 24
3719 3
3720 4
3721 25
3722 28
3723 3
3724 24
3725 5
3726 8
3727 2
3728 8
3729 1
3730 13
3731 4
3732 0
3733 33
3734 3
3735 2
3736 4
3737 25
3738 14
3739 2
3740 5
3741 9
3742 33
3743 31
3744 10
3745 6
3746 7
3747 33
3748 33
3749 33
3750 0
3751 5
3752 0
3753 7
3754 22
3755 10
3756 33
3757 33
3758 3
3759 7
3760 13
3761 5
3762 1
3763 9
3764 1
3765 24
3766 33
3767 3
3768 0
3769 31
3770 13
3771 9
3772 0
3773 8
3774 33
3775 0
3776 6
3777 5
3778 20
3779 19
3780 8
3781 4
3782 2
3783 5
3784 10
3785 10
3786 15
3787 1
3788 5
3789 9
3790 7
3791 8
3792 6
3793 20
3794 11
3795 14
3796 9
3797 3
3798 14
3799 25
3800 0
3801 7
3802 8
3803 27
3804 19
3805 7
3806 0
3807 3
3808 1
3809 26
3810 12
3811 5
3812 6
3813 8
3814 3
3815 5
3816 10
3817 15
3818 26
3819 9
3820 8
3821 8
3822 3
3823 0
3824 9
3825 5
3826 22
3827 11
3828 4
3829 3
3830 5
3831 7
3832 7
3833 27
3834 26
3835 3
3836 7
3837 6
3838 13
3839 26
3840 8
3841 5
3842 4
3843 7
3844 7
3845 4
3846 27
3847 20
3848 7
3849 4
3850 3
3851 4
3852 33
3853 28
3854 28
3855 7
3856 1
3857 33
3858 5
3859 9
3860 15
3861 33
3862 15
3863 8
3864 3
3865 8
3866 3
3867 4
3868 7
3869 22
3870 11
3871 6
3872 0
3873 2
3874 8
3875 7
3876 20
3877 10
3878 3
3879 7
3880 13
3881 6
3882 15
3883 7
3884 0
3885 9
3886 8
3887 3
3888 24
3889 25
3890 13
3891 1
3892 3
3893 8
3894 2
3895 3
3896 6
3897 11
3898 24
3899 20
3900 3
3901 4
3902 11
3903 28
3904 20
3905 8
3906 7
3907 3
3908 33
3909 10
3910 10
3911 3
3912 6
3913 3
3914 29
3915 30
3916 1
3917 6
3918 8
3919 11
3920 32
3921 1
3922 3
3923 3
3924 5
3925 8
3926 5
3927 20
3928 11
3929 4
3930 3
3931 9
3932 7
3933 26
3934 15
3935 2
3936 9
3937 33
3938 7
3939 7
3940 7
3941 11
3942 10
3943 1
3944 4
3945 11
3946 10
3947 3
3948 8
3949 3
3950 7
3951 10
3952 26
3953 2
3954 2
3955 25
3956 21
3957 8
3958 5
3959 3
3960 1
3961 17
3962 16
3963 1
3964 5
3965 1
3966 0
3967 1
3968 6
3969 1
3970 8
3971 7
3972 7
3973 33
3974 11
3975 10
3976 7
3977 8
3978 6
3979 7
3980 10
3981 26
3982 3
3983 2
3984 11
3985 25
3986 10
3987 1
3988 3
3989 25
3990 23
3991 2
3992 2
3993 7
3994 5
3995 3
3996 1
3997 11
3998 13
3999 4
4000 9
4001 0
4002 2
4003 5
4004 15
4005 23
4006 5
4007 2
4008 9
4009 3
4010 19
4011 10
4012 6
4013 7
4014 5
4015 3
4016 22
4017 32
4018 3
4019 1
4020 7
4021 8
4022 7
4023 19
4024 32
4025 4
4026 3
4027 8
4028 6
4029 16
4030 11
4031 5
4032 9
4033 8
4034 0
4035 0
4036 3
4037 13
4038 17
4039 8
4040 33
4041 33
4042 33
4043 17
4044 10
4045 22
4046 0
4047 7
4048 5
4049 0
4050 7
4051 0
4052 8
4053 7
4054 26
4055 1
4056 3
4057 4
4058 3
4059 32
4060 11
4061 1
4062 5
4063 4
4064 0
4065 3
4066 2
4067 5
4068 9
4069 32
4070 32
4071 4
4072 3
4073 20
4074 8
4075 4
4076 5
4077 7
4078 22
4079 31
4080 10
4081 7
4082 7
4083 8
4084 0
4085 1
4086 33
4087 11
4088 29
4089 6
4090 0
4091 8
4092 33
4093 1
4094 14
4095 29
4096 4
4097 3
4098 9
4099 9
4100 5
4101 28
4102 12
4103 9
4104 6
4105 3
4106 4
4107 15
4108 33
4109 2
4110 2
4111 15
4112 11
4113 2
4114 7
4115 24
4116 1
4117 26
4118 11
4119 13
4120 9
4121 24
4122 11
4123 4
4124 4
4125 7
4126 24
4127 20
4128 20
4129 7
4130 3
4131 2
4132 11
4133 6
4134 12
4135 0
4136 33
4137 33
4138 20
4139 10
4140 24
4141 6
4142 0
4143 3
4144 3
4145 12
4146 12
4147 30
4148 1
4149 4
4150 33
4151 33
4152 0
4153 0
4154 5
4155 25
4156 20
4157 9
4158 5
4159 4
4160 5
4161 2
4162 6
4163 20
4164 11
4165 3
4166 10
4167 11
4168 20
4169 33
4170 0
4171 4
4172 7
4173 9
4174 3
4175 6
4176 13
4177 4
4178 0
4179 33
4180 2
4181 1
4182 3
4183 3
4184 20
4185 11
4186 20
4187 3
4188 4
4189 13
4190 20
4191 8
4192 9
4193 7
4194 4
4195 6
4196 7
4197 24
4198 22
4199 26
4200 7
4201 2
4202 3
4203 0
4204 1
4205 9
4206 4
4207 3
4208 1
4209 3
4210 10
4211 11
4212 17
4213 11
4214 0
4215 0
4216 3
4217 1
4218 26
4219 4
4220 5
4221 2
4222 8
4223 6
4224 9
4225 2
4226 22
4227 17
4228 3
4229 3
4230 1
4231 26
4232 19
4233 0
4234 7
4235 33
4236 29
4237 27
4238 9
4239 0
4240 7
4241 10
4242 10
4243 3
4244 12
4245 3
4246 23
4247 30
4248 2
4249 9
4250 1
4251 10
4252 3
4253 23
4254 8
4255 0
4256 33
4257 33
4258 6
4259 7
4260 11
4261 13
4262 7
4263 4
4264 5
4265 5
4266 6
4267 23
4268 22
4269 23
4270 6
4271 1
4272 8
4273 5
4274 8
4275 21
4276 25
4277 2
4278 2
4279 8
4280 8
4281 28
4282 30
4283 32
4284 4
4285 3
4286 7
4287 3
4288 27
4289 8
4290 15
4291 1
4292 3
4293 11
4294 20
4295 28
4296 8
4297 5
4298 3
4299 8
4300 33
4301 33
4302 33
4303 11
4304 20
4305 24
4306 6
4307 4
4308 7
4309 33
4310 3
4311 3
4312 12
4313 25
4314 32
4315 1
4316 33
4317 9
4318 5
4319 9
4320 20
4321 25
4322 9
4323 3
4324 4
4325 8
4326 30
4327 10
4328 2
4329 4
4330 2
4331 2
4332 0
4333 5
4334 2
4335 5
4336 17
4337 27
4338 1
4339 1
4340 6
4341 13
4342 2
4343 8
4344 12
4345 7
4346 7
4347 0
4348 0
4349 2
4350 8
4351 6
4352 33
4353 14
4354 6
4355 4
4356 2
4357 5
4358 10
4359 15
4360 1
4361 1
4362 1
4363 24
4364 23
4365 20
4366 6
4367 1
4368 3
4369 4
4370 3
4371 33
4372 33
4373 32
4374 5
4375 1
4376 3
4377 4
4378 7
4379 3
4380 17
4381 13
4382 6
4383 7
4384 2
4385 2
4386 11
4387 24
4388 14
4389 24
4390 6
4391 1
4392 20
4393 1
4394 5
4395 8
4396 2
4397 7
4398 1
4399 6
4400 23
4401 22
4402 23
4403 6
4404 5
4405 33
4406 33
4407 4
4408 8
4409 6
4410 5
4411 8
4412 13
4413 11
4414 6
4415 1
4416 14
4417 12
4418 8
4419 8
4420 4
4421 4
4422 7
4423 2
4424 1
4425 20
4426 2
4427 2
4428 0
4429 26
4430 5
4431 3
4432 7
4433 4
4434 6
4435 1
4436 9
4437 12
4438 32
4439 1
4440 3
4441 6
4442 9
4443 32
4444 10
4445 33
4446 4
4447 4
4448 3
4449 25
4450 3
4451 4
4452 11
4453 27
4454 9
4455 3
4456 9
4457 4
4458 3
4459 28
4460 6
4461 17
4462 2
4463 33
4464 33
4465 7
4466 1
4467 0
4468 1
4469 33
4470 1
4471 5
4472 11
4473 11
4474 7
4475 7
4476 5
4477 2
4478 10
4479 5
4480 5
4481 7
4482 28
4483 1
4484 3
4485 1
4486 13
4487 10
4488 33
4489 33
4490 33
4491 33
4492 13
4493 7
4494 1
4495 1
4496 11
4497 26
4498 10
4499 1
4500 3
4501 0
4502 3
4503 13
4504 17
4505 8
4506 6
4507 2
4508 2
4509 15
4510 28
4511 5
4512 0
4513 0
4514 7
4515 1
4516 8
4517 17
4518 31
4519 0
4520 3
4521 33
4522 10
4523 16
4524 0
4525 7
4526 28
4527 28
4528 12
4529 16
4530 14
4531 3
4532 5
4533 5
4534 4
4535 10
4536 11
4537 2
4538 2
4539 10
4540 25
4541 0
4542 2
4543 2
4544 7
4545 9
4546 3
4547 6
4548 13
4549 4
4550 0
4551 3
4552 7
4553 8
4554 12
4555 13
4556 6
4557 7
4558 8
4559 33
4560 5
4561 4
4562 22
4563 20
4564 7
4565 8
4566 27
4567 25
4568 4
4569 3
4570 5
4571 4
4572 10
4573 17
4574 4
4575 8
4576 3
4577 9
4578 2
4579 30
4580 16
4581 1
4582 3
4583 33
4584 33
4585 0
4586 11
4587 2
4588 1
4589 3
4590 3
4591 33
4592 8
4593 0
4594 11
4595 15
4596 3
4597 2
4598 5
4599 4
4600 22
4601 7
4602 7
4603 7
4604 14
4605 6
4606 0
4607 0
4608 4
4609 8
4610 3
4611 31
4612 19
4613 4
4614 3
4615 3
4616 20
4617 27
4618 6
4619 2
4620 4
4621 10
4622 9
4623 27
4624 0
4625 7
4626 31
4627 26
4628 0
4629 7
4630 3
4631 17
4632 26
4633 2
4634 33
4635 2
4636 33
4637 33
4638 6
4639 33
4640 17
4641 10
4642 33
4643 6
4644 7
4645 20
4646 23
4647 28
4648 4
4649 5
4650 2
4651 7
4652 33
4653 7
4654 15
4655 6
4656 3
4657 4
4658 33
4659 24
4660 14
4661 25
4662 7
4663 2
4664 2
4665 26
4666 13
4667 13
4668 2
4669 2
4670 33
4671 26
4672 10
4673 8
4674 8
4675 0
4676 10
4677 11
4678 2
4679 4
4680 12
4681 19
4682 28
4683 2
4684 5
4685 9
4686 4
4687 9
4688 15
4689 14
4690 9
4691 3
4692 4
4693 24
4694 16
4695 13
4696 6
4697 7
4698 15
4699 33
4700 3
4701 6
4702 9
4703 12
4704 15
4705 5
4706 2
4707 1
4708 6
4709 25
4710 23
4711 2
4712 1
4713 6
4714 14
4715 9
4716 5
4717 11
4718 8
4719 6
4720 3
4721 6
4722 11
4723 12
4724 33
4725 16
4726 26
4727 2
4728 6
4729 7
4730 10
4731 10
4732 12
4733 5
4734 5
4735 17
4736 3
4737 0
4738 9
4739 30
4740 10
4741 6
4742 7
4743 4
4744 2
4745 6
4746 32
4747 0
4748 32
4749 33
4750 0
4751 9
4752 1
4753 3
4754 31
4755 28
4756 4
4757 3
4758 16
4759 14
4760 8
4761 6
4762 8
4763 10
4764 33
4765 33
4766 33
4767 33
4768 33
4769 20
4770 0
4771 6
4772 4
4773 2
4774 11
4775 28
4776 10
4777 7
4778 3
4779 4
4780 1
4781 20
4782 27
4783 3
4784 6
4785 7
4786 17
4787 7
4788 4
4789 13
4790 24
4791 11
4792 1
4793 11
4794 13
4795 3
4796 7
4797 1
4798 1
4799 4
4800 10
4801 4
4802 16
4803 3
4804 33
4805 9
4806 1
4807 24
4808 14
4809 31
4810 0
4811 3
4812 23
4813 12
4814 14
4815 26
4816 33
4817 33
4818 6
4819 7
4820 2
4821 15
4822 13
4823 1
4824 9
4825 29
4826 32
4827 29
4828 23
4829 10
4830 26
4831 10
4832 12
4833 1
4834 6
4835 19
4836 33
4837 7
4838 7
4839 7
4840 11
4841 10
4842 4
4843 33
4844 6
4845 7
4846 13
4847 11
4848 6
4849 4
4850 5
4851 22
4852 23
4853 2
4854 4
4855 4
4856 1
4857 20
4858 3
4859 5
4860 10
4861 17
4862 0
4863 0
4864 1
4865 1
4866 3
4867 8
4868 5
4869 8
4870 15
4871 1
4872 3
4873 33
4874 0
4875 1
4876 2
4877 4
4878 1
4879 10
4880 8
4881 5
4882 33
4883 2
4884 2
4885 14
4886 5
4887 32
4888 2
4889 3
4890 9
4891 25
4892 20
4893 6
4894 2
4895 0
4896 2
4897 2
4898 0
4899 19
4900 10
4901 10
4902 2
4903 2
4904 3
4905 4
4906 16
4907 32
4908 5
4909 9
4910 6
4911 5
4912 33
4913 24
4914 6
4915 8
4916 9
4917 10
4918 6
4919 3
4920 4
4921 11
4922 13
4923 3
4924 2
4925 1
4926 12
4927 11
4928 1
4929 3
4930 4
4931 4
4932 6
4933 10
4934 25
4935 2
4936 2
4937 33
4938 30
4939 12
4940 9
4941 23
4942 3
4943 3
4944 2
4945 4
4946 4
4947 5
4948 0
4949 7
4950 7
4951 8
4952 33
4953 7
4954 7
4955 33
4956 33
4957 20
4958 10
4959 3
4960 2
4961 10
4962 12
4963 8
4964 6
4965 14
4966 3
4967 11
4968 5
4969 0
4970 5
4971 9
4972 7
4973 25
4974 32
4975 4
4976 3
4977 3
4978 9
4979 0
4980 2
4981 20
4982 12
4983 11
4984 33
4985 33
4986 4
4987 9
4988 7
4989 14
4990 10
4991 6
4992 7
4993 6
4994 4
4995 8
4996 13
4997 13
4998 3
4999 1
5000 2
5001 7
5002 27
5003 11
5004 3
5005 4
5006 5
5007 3
5008 26
5009 7
5010 2
5011 6
5012 2
5013 1
5014 7
5015 15
5016 1
5017 3
5018 9
5019 4
5020 25
5021 4
5022 6
5023 3
5024 6
5025 7
5026 26
5027 3
5028 8
5029 4
5030 14
5031 12
5032 11
5033 6
5034 1
5035 9
5036 2
5037 24
5038 11
5039 11
5040 1
5041 3
5042 6
5043 5
5044 13
5045 21
5046 2
5047 6
5048 1
5049 33
5050 20
5051 11
5052 1
5053 3
5054 3
5055 2
5056 20
5057 3
5058 31
5059 24
5060 12
5061 7
5062 8
5063 9
5064 24
5065 1
5066 6
5067 6
5068 24
5069 33
5070 5
5071 33
5072 4
5073 8
5074 2
5075 20
5076 10
5077 8
5078 1
5079 2
5080 2
5081 25
5082 21
5083 33
5084 31
5085 10
5086 6
5087 1
5088 33
5089 0
5090 8
5091 1
5092 11
5093 13
5094 1
5095 3
5096 7
5097 1
5098 8
5099 17
5100 31
5101 0
5102 4
5103 33
5104 32
5105 5
5106 9
5107 15
5108 0
5109 5
5110 0
5111 4
5112 26
5113 1
5114 3
5115 33
5116 4
5117 7
5118 25
5119 10
5120 9
5121 7
5122 9
5123 7
5124 6
5125 10
5126 15
5127 8
5128 1
5129 7
5130 25
5131 9
5132 20
5133 0
5134 9
5135 4
5136 33
5137 33
5138 13
5139 10
5140 6
5141 5
5142 8
5143 1
5144 30
5145 16
5146 33
5147 8
5148 7
5149 12
5150 11
5151 5
5152 8
5153 6
5154 5
5155 7
5156 24
5157 14
5158 13
5159 4
5160 0
5161 7
5162 6
5163 13
5164 33
5165 12
5166 9
5167 1
5168 0
5169 33
5170 24
5171 25
5172 32
5173 3
5174 3
5175 2
5176 0
5177 1
5178 7
5179 30
5180 23
5181 3
5182 6
5183 33
5184 3
5185 0
5186 28
5187 15
5188 10
5189 1
5190 3
5191 33
5192 33
5193 33
5194 33
5195 4
5196 33
5197 7
5198 6
5199 0
5200 1
5201 1
5202 8
5203 7
5204 7
5205 6
5206 2
5207 31
5208 12
5209 12
5210 3
5211 33
5212 2
5213 6
5214 6
5215 7
5216 26
5217 13
5218 9
5219 4
5220 9
5221 33
5222 33
5223 0
5224 3
5225 7
5226 3
5227 23
5228 24
5229 20
5230 33
5231 5
5232 0
5233 4
5234 7
5235 10
5236 26
5237 3
5238 4
5239 10
5240 27
5241 33
5242 8
5243 2
5244 12
5245 11
5246 4
5247 2
5248 7
5249 32
5250 20
5251 6
5252 1
5253 5
5254 5
5255 1
5256 2
5257 3
5258 32
5259 26
5260 1
5261 3
5262 33
5263 8
5264 7
5265 6
5266 20
5267 21
5268 4
5269 3
5270 33
5271 13
5272 10
5273 5
5274 6
5275 6
5276 0
5277 20
5278 3
5279 24
5280 2
5281 3
5282 10
5283 21
5284 4
5285 3
5286 7
5287 1
5288 3
5289 11
5290 10
5291 10
5292 2
5293 2
5294 6
5295 7
5296 10
5297 28
5298 7
5299 7
5300 6
5301 3
5302 4
5303 25
5304 27
5305 8
5306 7
5307 3
5308 4
5309 10
5310 32
5311 0
5312 2
5313 4
5314 8
5315 3
5316 3
5317 14
5318 10
5319 22
5320 4
5321 7
5322 6
5323 24
5324 12
5325 10
5326 10
5327 6
5328 33
5329 27
5330 20
5331 5
5332 5
5333 5
5334 6
5335 10
5336 5
5337 1
5338 23
5339 10
5340 6
5341 7
5342 0
5343 6
5344 9
5345 22
5346 26
5347 1
5348 3
5349 4
5350 3
5351 14
5352 14
5353 5
5354 4
5355 4
5356 3
5357 16
5358 25
5359 12
5360 24
5361 33
5362 24
5363 33
5364 1
5365 6
5366 6
5367 25
5368 23
5369 22
5370 1
5371 9
5372 9
5373 33
5374 33
5375 6
5376 7
5377 11
5378 13
5379 7
5380 4
5381 5
5382 9
5383 3
5384 6
5385 20
5386 14
5387 4
5388 13
5389 9
5390 19
5391 10
5392 8
5393 6
5394 24
5395 28
5396 16
5397 3
5398 33
5399 33
5400 32
5401 11
5402 32
5403 4
5404 3
5405 33
5406 2
5407 4
5408 2
5409 9
5410 31
5411 13
5412 4
5413 3
5414 11
5415 10
5416 3
5417 1
5418 6
5419 4
5420 10
5421 26
5422 33
5423 33
5424 33
5425 2
5426 12
5427 13
5428 6
5429 7
5430 1
5431 7
5432 9
5433 8
5434 26
5435 1
5436 3
5437 33
5438 9
5439 3
5440 4
5441 12
5442 26
5443 1
5444 3
5445 9
5446 12
5447 22
5448 9
5449 3
5450 8
5451 3
5452 5
5453 29
5454 19
5455 4
5456 3
5457 33
5458 7
5459 1
5460 33
5461 3
5462 13
5463 10
5464 0
5465 3
5466 0
5467 6
5468 11
5469 14
5470 29
5471 0
5472 6
5473 2
5474 6
5475 3
5476 31
5477 21
5478 4
5479 4
5480 6
5481 8
5482 11
5483 14
5484 5
5485 9
5486 8
5487 3
5488 8
5489 2
5490 29
5491 30
5492 4
5493 3
5494 0
5495 0
5496 3
5497 13
5498 17
5499 8
5500 33
5501 7
5502 0
5503 33
5504 6
5505 19
5506 0
5507 26
5508 1
5509 8
5510 4
5511 7
5512 5
5513 7
5514 26
5515 3
5516 3
5517 7
5518 12
5519 11
5520 3
5521 1
5522 4
5523 33
5524 7
5525 0
5526 4
5527 8
5528 26
5529 1
5530 3
5531 2
5532 0
5533 0
5534 9
5535 14
5536 25
5537 24
5538 3
5539 1
5540 14
5541 5
5542 8
5543 7
5544 6
5545 33
5546 33
5547 20
5548 24
5549 23
5550 4
5551 1
5552 7
5553 6
5554 3
5555 29
5556 20
5557 4
5558 3
5559 32
5560 4
5561 30
5562 21
5563 2
5564 2
5565 5
5566 9
5567 5
5568 21
5569 20
5570 6
5571 6
5572 8
5573 3
5574 8
5575 15
5576 9
5577 5
5578 1
5579 2
5580 6
5581 11
5582 15
5583 8
5584 6
5585 6
5586 1
5587 11
5588 24
5589 17
5590 6
5591 7
5592 9
5593 5
5594 17
5595 31
5596 24
5597 3
5598 33
5599 8
5600 4
5601 2
5602 0
5603 1
5604 3
5605 6
5606 31
5607 26
5608 1
5609 3
5610 6
5611 8
5612 32
5613 0
5614 8
5615 2
5616 20
5617 33
5618 24
5619 20
5620 11
5621 33
5622 6
5623 8
5624 6
5625 0
5626 7
5627 23
5628 22
5629 0
5630 0
5631 4
5632 3
5633 21
5634 11
5635 3
5636 1
5637 3
5638 7
5639 3
5640 6
5641 10
5642 10
5643 12
5644 4
5645 3
5646 0
5647 7
5648 6
5649 10
5650 15
5651 5
5652 2
5653 5
5654 1
5655 0
5656 7
5657 33
5658 8
5659 33
5660 33
5661 0
5662 0
5663 1
5664 8
5665 31
5666 29
5667 4
5668 7
5669 4
5670 7
5671 10
5672 27
5673 1
5674 3
5675 24
5676 25
5677 14
5678 0
5679 7
5680 3
5681 7
5682 27
5683 20
5684 4
5685 3
5686 6
5687 0
5688 2
5689 2
5690 20
5691 17
5692 1
5693 3
5694 3
5695 7
5696 9
5697 33
5698 3
5699 31
5700 26
5701 4
5702 3
5703 6
5704 4
5705 26
5706 11
5707 26
5708 1
5709 1
5710 22
5711 23
5712 6
5713 23
5714 5
5715 6
5716 33
5717 33
5718 0
5719 7
5720 4
5721 1
5722 32
5723 7
5724 0
5725 6
5726 32
5727 6
5728 13
5729 2
5730 2
5731 3
5732 4
5733 1
5734 3
5735 22
5736 26
5737 4
5738 3
5739 3
5740 5
5741 8
5742 12
5743 32
5744 1
5745 3
5746 17
5747 10
5748 4
5749 5
5750 2
5751 5
5752 0
5753 1
5754 9
5755 32
5756 26
5757 3
5758 21
5759 20
5760 4
5761 16
5762 5
5763 3
5764 5
5765 9
5766 4
5767 11
5768 26
5769 1
5770 3
5771 3
5772 0
5773 6
5774 30
5775 15
5776 6
5777 0
5778 9
5779 29
5780 17
5781 5
5782 4
5783 8
5784 7
5785 22
5786 11
5787 14
5788 2
5789 9
5790 31
5791 22
5792 14
5793 3
5794 3
5795 20
5796 29
5797 9
5798 4
5799 10
5800 10
5801 10
5802 7
5803 2
5804 6
5805 26
5806 16
5807 33
5808 33
5809 33
5810 33
5811 33
5812 33
5813 33
5814 33
5815 33
5816 33
5817 33
5818 33
5819 33
5820 33
5821 7
5822 9
5823 13
5824 17
5825 33
5826 4
5827 5
5828 7
5829 0
5830 3
5831 9
5832 30
5833 26
5834 1
5835 3
5836 2
5837 2
5838 13
5839 10
5840 6
5841 3
5842 31
5843 5
5844 23
5845 31
5846 28
5847 2
5848 7
5849 10
5850 23
5851 3
5852 6
5853 33
5854 2
5855 2
5856 26
5857 21
5858 8
5859 8
5860 4
5861 3
5862 20
5863 28
5864 0
5865 7
5866 2
5867 9
5868 3
5869 5
5870 15
5871 11
5872 6
5873 0
5874 6
5875 7
5876 9
5877 23
5878 23
5879 3
5880 9
5881 14
5882 10
5883 0
5884 0
5885 6
5886 6
5887 0
5888 6
5889 17
5890 25
5891 2
5892 2
3893 33
5894 11
5895 9
5896 6
5897 2
5898 7
5899 6
5900 5
5901 9
5902 16
5903 11
5904 34
5905 8
5906 2
5907 11
5908 10
5909 26
5910 3
5911 17
5912 11
5913 14
5914 6
5915 8
5916 28
5917 14
5918 4
5919 6
5920 6
5921 10
5922 15
5923 9
5924 25
5925 20
5926 9
5927 33
5928 3
5929 5
5930 8
5931 3
5932 12
5933 17
5934 3
5935 3
5936 4
5937 19
5938 29
5939 5
5940 3
5941 8
5942 3
5943 27
5944 20
5945 4
5946 3
5947 10
5948 7
5949 28
5950 33
5951 1
5952 4
5953 10
5954 22
5955 11
5956 7
5957 2
5958 6
5959 10
5960 33
5961 10
5962 11
5963 4
5964 9
5965 0
5966 5
5967 3
5968 33
5969 6
5970 1
5971 6
5972 9
5973 4
5974 33
5975 31
5976 32
5977 33
5978 33
5979 3
5980 5
5981 7
5982 9
5983 12
5984 20
5985 24
5986 32
5987 7
5988 33
5989 4
5990 6
5991 8
5992 4
5993 3
5994 0
5995 10
5996 26
5997 4
5998 3
5999 33
6000 33
6001 11
6002 33
6003 7
6004 11
6005 10
6006 2
6007 3
6008 0
6009 2
6010 5
6011 1
6012 3
6013 0
6014 20
6015 1
6016 3
6017 32
6018 10
6019 26
6020 8
6021 1
6022 3
6023 5
6024 1
6025 8
6026 9
6027 30
6028 13
6029 6
6030 3
6031 25
6032 12
6033 3
6034 1
6035 32
6036 9
6037 2
6038 2
6039 10
6040 10
6041 11
6042 1
6043 3
6044 7
6045 33
6046 33
6047 33
6048 33
6049 33
6050 33
6051 3
6052 5
6053 20
6054 11
6055 5
6056 5
6057 0
6058 2
6059 20
6060 10
6061 1
6062 9
6063 7
6064 10
6065 12
6066 3
6067 3
6068 0
6069 21
6070 33
6071 33
6072 11
6073 14
6074 6
6075 1
6076 6
6077 5
6078 2
6079 2
6080 15
6081 10
6082 7
6083 6
6084 0
6085 3
6086 3
6087 12
6088 3
6089 11
6090 3
6091 7
6092 33
6093 13
6094 10
6095 2
6096 0
6097 8
6098 0
6099 20
6100 27
6101 2
6102 2
6103 16
6104 25
6105 7
6106 4
6107 0
6108 33
6109 6
6110 11
6111 24
6112 17
6113 6
6114 7
6115 14
6116 11
6117 22
6118 5
6119 6
6120 1
6121 6
6122 26
6123 10
6124 33
6125 7
6126 1
6127 6
6128 0
6129 10
6130 11
6131 33
6132 20
6133 8
6134 1
6135 1
6136 12
6137 6
6138 11
6139 33
6140 5
6141 0
6142 16
6143 13
6144 6
6145 7
6146 3
6147 1
6148 26
6149 11
6150 10
6151 7
6152 8
6153 32
6154 3
6155 13
6156 10
6157 24
6158 3
6159 6
6160 7
6161 13
6162 6
6163 27
6164 7
6165 3
6166 32
6167 17
6168 6
6169 0
6170 8
6171 0
6172 8
6173 8
6174 11
6175 14
6176 9
6177 7
6178 33
6179 0
6180 1
6181 29
6182 11
6183 33
6184 29
6185 6
6186 0
6187 0
6188 5
6189 5
6190 14
6191 32
6192 1
6193 3
6194 9
6195 7
6196 33
6197 4
6198 1
6199 23
6200 24
6201 20
6202 3
6203 4
6204 11
6205 23
6206 9
6207 6
6208 4
6209 6
6210 3
6211 33
6212 9
6213 9
6214 13
6215 11
6216 8
6217 5
6218 3
6219 4
6220 5
6221 17
6222 3
6223 14
6224 6
6225 3
6226 33
6227 33
6228 33
6229 33
6230 33
6231 7
6232 33
6233 2
6234 5
6235 8
6236 0
6237 11
6238 15
6239 4
6240 3
6241 33
6242 1
6243 8
6244 7
6245 10
6246 26
6247 1
6248 3
6249 6
6250 7
6251 10
6252 15
6253 5
6254 2
6255 5
6256 5
6257 4
6258 9
6259 23
6260 30
6261 3
6262 3
6263 26
6264 4
6265 24
6266 8
6267 21
6268 2
6269 1
6270 10
6271 1
6272 13
6273 17
6274 8
6275 1
6276 0
6277 4
6278 26
6279 1
6280 3
6281 4
6282 14
6283 14
6284 4
6285 3
6286 4
6287 5
6288 3
6289 1
6290 7
6291 9
6292 19
6293 14
6294 11
6295 6
6296 0
6297 3
6298 4
6299 29
6300 20
6301 9
6302 1
6303 33
6304 1
6305 31
6306 7
6307 3
6308 22
6309 7
6310 17
6311 11
6312 5
6313 5
6314 20
6315 4
6316 6
6317 10
6318 4
6319 3
6320 23
6321 7
6322 2
6323 3
6324 4
6325 5
6326 8
6327 32
6328 0
6329 20
6330 1
6331 6
6332 19
6333 7
6334 5
6335 9
6336 4
6337 3
6338 9
6339 27
6340 11
6341 0
6342 9
6343 3
6344 33
6345 7
6346 4
6347 26
6348 23
6349 13
6350 3
6351 3
6352 4
6353 4
6354 29
6355 31
6356 19
6357 6
6358 1
6359 4
6360 11
6361 28
6362 2
6363 8
6364 7
6365 29
6366 6
6367 0
6368 3
6369 2
6370 8
6371 3
6372 7
6373 10
6374 10
6375 0
6376 7
6377 9
6378 27
6379 33
6380 11
6381 10
6382 9
6383 4
6384 0
6385 3
6386 14
6387 16
6388 33
6389 6
6390 11
6391 8
6392 14
6393 9
6394 5
6395 3
6396 3
6397 3
6398 14
6399 2
6400 6
6401 4
6402 31
6403 11
6404 10
6405 6
6406 24
6407 9
6408 5
6409 5
6410 21
6411 6
6412 7
6413 33
6414 33
6415 1
6416 25
6417 32
6418 24
6419 4
6420 6
6421 0
6422 27
6423 20
6424 8
6425 6
6426 5
6427 0
6428 10
6429 23
6430 6
6431 0
6432 0
6433 7
6434 0
6435 0
6436 7
6437 26
6438 11
6439 10
6440 1
6441 3
6442 33
6443 16
6444 11
6445 4
6446 5
6447 8
6448 4
6449 9
6450 0
6451 32
6452 3
6453 10
6454 2
6455 7
6456 2
6457 9
6458 20
6459 33
6460 6
6461 4
6462 6
6463 3
6464 4
6465 11
6466 20
6467 5
6468 8
6469 5
6470 3
6471 33
6472 17
6473 0
6474 1
6475 7
6476 25
6477 2
6478 2
6479 0
6480 2
6481 31
6482 10
6483 26
6484 3
6485 9
6486 6
6487 3
6488 31
6489 21
6490 4
6491 4
6492 7
6493 9
6494 7
6495 20
6496 15
6497 9
6498 7
6499 7
6500 2
6501 23
6502 27
6503 7
6504 2
6505 6
6506 3
6507 29
6508 16
6509 1
6510 3
6511 33
6512 3
6513 8
6514 4
6515 25
6516 7
6517 7
6518 2
6519 16
6520 13
6521 6
6522 7
6523 33
6524 0
6525 20
6526 1
6527 23
6528 6
6529 1
6530 6
6532 11
6533 14
6534 1
6535 6
6536 6
6537 3
6538 3
6539 4
6540 11
6541 10
6542 6
6543 7
6544 3
6545 3
6546 6
6547 29
6548 27
6549 7
6550 2
6551 1
6552 33
6553 7
6554 3
6555 13
6556 10
6557 0
6558 3
6559 3
6560 10
6561 4
6562 17
6563 25
6564 7
6565 4
6566 2
6567 0
6568 16
6569 15
6570 10
6571 4
6572 3
6573 33
6574 3
6575 3
6576 13
6577 21
6578 22
6579 8
6580 2
6581 0
6582 10
6583 6
6583 10
6584 0
6585 2
6586 4
6587 33
6588 27
6589 10
6590 9
6591 4
6592 6
6593 2
6594 20
6595 27
6596 20
6597 3
6598 2
6599 3
6600 1
6601 11
6602 20
6603 4
6604 7
6605 32
6606 26
6607 3
6608 7
6609 2
6610 33
6611 33
6612 13
6613 10
6614 4
6615 3
6616 33
6617 33
6618 4
6619 6
6620 12
6621 8
6622 11
6623 33
6624 0
6625 1
6626 7
6627 17
6628 25
6629 2
6630 2
6631 5
6632 3
6633 0
6634 6
6635 24
6636 31
6637 10
6638 9
6639 5
6640 7
6641 4
6642 17
6643 13
6644 9
6645 6
6646 13
6647 7
6648 24
6649 7
6650 7
6651 3
6652 1
6653 26
6654 22
6655 2
6656 8
6657 3
6658 6
6659 11
6660 10
6661 8
6662 6
6663 3
6664 4
6665 8
6666 1
6667 31
6668 11
6669 10
6670 6
6671 2
6672 7
6673 12
6674 2
6675 6
6676 2
6677 33
6678 8
6679 6
6680 12
6681 11
6682 9
6683 2
6684 0
6685 3
6686 6
6687 9
6688 30
6689 25
6690 4
6691 1
6692 3
6693 13
6694 13
6695 8
6696 4
6697 7
6698 2
6699 2
6700 0
6701 13
6702 26
6703 2
6704 2
6705 33
6706 15
6707 2
6708 33
6709 12
6710 10
6711 3
6712 30
6713 16
6714 1
6715 2
6716 7
6717 10
6718 23
6719 3
6720 6
6721 7
6722 6
6723 13
6724 21
6725 6
6726 2
6727 1
6728 1
6729 7
6730 22
6731 26
6732 3
6733 7
6734 6
6735 13
6736 17
6737 6
6738 7
6739 8
6740 33
6741 9
6742 6
6743 7
6744 32
6745 0
6746 1
6747 7
6748 11
6749 10
6750 10
6751 1
6752 3
6753 33
6754 4
6755 9
6756 20
6757 31
6758 2
6759 22
6760 2
6761 9
6762 4
6763 8
6764 14
6765 3
6766 1
6767 6
6768 9
6769 16
6770 11
6771 34
6772 20
6773 32
6774 6
6775 5
6776 5
6777 5
6778 3
6779 22
6780 32
6781 10
6782 1
6783 3
6784 12
6785 11
6786 3
6787 7
6788 4
6789 3
6790 4
6791 0
6792 2
6793 3
6794 4
6795 10
6796 19
6797 17
6798 3
6799 9
6800 2
6801 0
6802 9
6803 4
6804 5
6805 15
6806 3
6807 4
6808 24
6809 20
6810 28
6811 3
6812 6
6813 2
6814 7
6815 10
6816 10
6817 23
6818 5
6819 4
6820 3
6821 8
6822 6
6823 8
6824 2
6825 32
6826 24
6827 20
6828 9
6829 25
6830 20
6831 9
6832 0
6833 4
6834 10
6835 10
6836 32
6837 33
6838 32
6839 33
6840 5
6841 9
6842 3
6843 1
6844 26
6845 19
6846 24
6847 8
6848 2
6849 8
6850 6
6851 7
6852 10
6853 33
6854 7
6855 26
6856 11
6857 14
6858 11
6859 6
6860 8
6861 6
6862 0
6863 5
6864 5
6865 14
6866 32
6867 1
6868 3
6869 6
6870 33
6871 17
6872 10
6873 23
6874 5
6875 3
6876 8
6877 5
6878 8
6879 6
6880 25
6881 6
6882 4
6883 6
6884 6
6885 2
6886 5
6887 4
6888 8
6889 5
6890 0
6891 3
6892 25
6893 28
6894 4
6895 3
6896 4
6897 10
6898 17
6899 27
6900 3
6901 33
6902 2
6903 8
6904 5
6905 1
6906 20
6907 1
6908 6
6909 33
6910 6
6911 20
6912 23
6913 9
6914 2
6915 0
6916 3
6917 6
6918 8
6919 11
6920 10
6921 10
6922 3
6923 2
6924 5
6925 16
6926 10
6927 1
6928 3
6929 2
6930 0
6931 14
6932 23
6933 22
6934 4
6935 3
6936 32
6937 6
6938 24
6939 20
6940 10
6941 24
6942 3
6943 29
6944 17
6945 6
6946 9
6947 32
6948 3
6949 4
6950 25
6951 23
6952 8
6953 0
6954 2
6955 0
6956 33
6957 3
6958 9
6959 33
6960 12
6961 24
6962 6
6963 33
6964 30
6965 6
6966 9
6967 5
6968 2
6969 6
6970 8
6971 21
6972 14
6973 3
6974 5
6975 10
6976 20
6977 4
6978 1
6979 2
6980 6
6981 33
6982 3
6983 23
6984 30
6985 7
6986 9
6987 9
6988 4
6989 26
6990 3
6991 3
6992 2
6993 1
6994 0
6995 22
6996 3
6997 6
6998 9
6999 7
7000 4
7001 4
7002 26
7003 1
7004 3
7005 5
7006 3
7007 31
7008 32
7009 10
7010 7
7011 2
7012 33
7013 3
7014 4
7015 1
7016 3
7017 22
7018 26
7019 4
7020 3
7021 33
7022 33
7023 33
7024 27
7025 20
7026 5
7027 5
7028 8
7029 9
7030 0
7031 11
7032 13
7033 10
7034 5
7035 3
7036 4
7037 4
7038 0
7039 10
7040 26
7041 3
7042 33
7043 1
7044 14
7045 32
7046 3
7047 4
7048 3
7049 9
7050 10
7051 10
7052 19
7053 5
7054 5
7055 7
7056 4
7057 8
7058 1
7059 31
7060 10
7061 11
7062 6
7063 0
7064 9
7065 4
7066 7
7067 22
7068 23
7069 6
7070 1
7071 4
7072 4
7073 13
7074 13
7075 6
7076 7
7077 33
7078 6
7079 8
7080 11
7081 14
7082 2
7083 4
7084 4
7085 6
7086 5
7087 13
7088 0
7089 2
7090 4
7091 6
7092 3
7093 16
7094 2
7095 25
7096 2
7097 33
7098 0
7099 25
7100 32
7101 6
7102 2
7103 7
7104 7
7105 10
7106 6
7107 7
7108 27
7109 8
7110 3
7111 7
7112 27
7113 6
7114 5
7115 30
7116 30
7117 2
7118 3
7119 9
7120 8
7121 26
7122 1
7123 33
7124 25
7125 11
7126 13
7127 3
7128 8
7129 3
7130 5
7131 7
7132 3
7133 5
7134 26
7135 0
7136 33
7137 4
7138 0
7139 9
7140 25
7141 3
7142 3
7143 13
7144 22
7145 21
7146 11
7147 7
7148 0
7149 16
7150 1
7151 11
7152 17
7153 14
7154 9
7155 7
7156 7
7157 28
7158 31
7159 22
7160 9
7161 5
7162 7
7163 20
7164 11
7165 14
7166 9
7167 2
7168 3
7169 19
7170 10
7171 6
7172 7
7173 8
7174 6
7175 2
7176 6
7177 11
7178 15
7179 33
7180 33
7181 6
7182 13
7183 8
7184 6
7185 8
7186 7
7187 11
7188 9
7189 24
7190 2
7191 10
7192 32
7193 3
7194 1
7195 0
7196 7
7197 19
7198 27
7199 8
7200 7
7201 3
7202 9
7203 2
7204 30
7205 16
7206 1
7207 3
7208 33
7209 2
7210 13
7211 4
7212 3
7213 8
7214 4
7215 3
7216 0
7217 10
7218 26
7219 4
7220 3
7221 8
7222 0
7223 33
7224 27
7225 13
7226 6
7227 7
7228 6
7229 3
7230 28
7231 20
7232 4
7233 9
7234 3
7235 5
7236 8
7237 12
7238 32
7239 3
7240 3
7241 11
7242 32
7243 1
7244 2
7245 8
7246 5
7247 33
7248 11
7249 14
7250 22
7251 7
7252 24
7253 2
7254 3
7255 7
7256 33
7257 11
7258 1
7259 4
7260 6
7261 8
7262 14
7263 30
7264 11
7265 25
7266 20
7267 9
7268 25
7269 16
7270 12
7271 3
7272 9
7273 3
7274 7
7275 5
7276 1
7277 15
7278 1
7279 3
7280 3
7281 20
7282 3
7283 2
7284 0
7285 33
7286 33
7287 11
7288 12
7289 6
7290 8
7291 11
7292 16
7293 7
7294 9
7295 7
7296 33
7297 14
7298 11
7299 20
7300 7
7301 9
7302 5
7303 5
7304 9
7305 9
7306 9
7307 9
7308 23
7309 17
7310 23
7311 21
7312 31
7313 31
7314 31
7315 33
7316 31
7317 14
7318 33
7319 33
7320 33
7321 3
7322 7
7323 33
7324 33
7325 33
7326 7
7327 1
7328 4
7329 23
7330 0
7331 20
7332 0
7333 3
7334 24
7335 28
7336 15
7337 10
7338 1
7339 3
7340 2
7341 9
7342 30
7343 3
7344 23
7345 9
7346 3
7347 7
7348 1
7349 7
7350 4
7351 26
7352 1
7353 3
7354 1
7355 2
7356 7
7357 10
7358 23
7359 3
7360 6
7361 1
7362 4
7363 1
7364 23
7365 26
7366 1
7367 3
7368 3
7369 26
7370 19
7371 24
7372 6
7373 1
7374 33
7375 0
7376 4
7377 20
7378 11
7379 14
7380 2
7381 5
7382 3
7383 1
7384 26
7385 22
7386 2
7387 6
7388 8
7389 33
7390 33
7391 0
7392 8
7393 22
7394 11
7395 14
7396 8
7397 11
7398 16
7399 5
7400 9
7401 8
7402 6
7403 4
7404 4
7405 22
7406 13
7407 3
7408 8
7409 0
7410 9
7411 13
7412 31
7413 0
7414 3
7415 11
7416 33
7417 20
7418 3
7419 3
7420 0
7421 7
7422 23
7423 10
7424 33
7425 20
7426 27
7427 8
7428 5
7429 5
7430 0
7431 10
7432 6
7433 33
7434 0
7435 7
7436 10
7437 26
7438 33
7439 3
7440 14
7441 10
7442 4
7443 7
7444 0
7445 8
7446 9
7447 23
7448 6
7449 19
7450 6
7451 0
7452 24
7453 33
7454 33
7455 20
7456 11
7457 7
7458 7
7459 4
7460 20
7461 33
7462 12
7463 6
7464 3
7465 11
7466 8
7467 9
7468 5
7469 2
7470 2
7471 26
7472 22
7473 9
7474 9
7475 24
7476 26
7477 10
7478 4
7479 9
7480 4
7481 3
7482 10
7483 11
7484 6
7485 8
7486 16
7487 11
7488 9
7489 8
7490 24
7491 25
7492 6
7493 4
7494 1
7495 3
7496 32
7497 24
7498 5
7499 25
7500 9
7501 7
7502 17
7503 7
7504 5
7505 8
7506 5
7507 32
7508 10
7509 26
7510 1
7511 3
7512 3
7513 1
7514 7
7515 4
7516 13
7517 1
7518 3
7519 33
7520 33
7521 33
7522 0
7523 8
7524 9
7525 22
7526 5
7527 1
7528 27
7529 23
7530 2
7531 5
7532 2
7533 2
7534 15
7535 11
7536 2
7537 4
7538 4
7539 3
7540 1
7541 16
7542 30
7543 2
7544 8
7545 8
7546 9
7547 15
7548 20
7549 9
7550 7
7551 3
7552 3
7553 14
7554 17
7555 20
7556 3
7557 8
7558 33
7559 33
7560 3
7561 1
7562 3
7563 6
7564 0
7565 33
7566 28
7567 14
7568 3
7569 1
7570 8
7571 5
7572 10
7573 13
7574 33
7575 14
7576 11
7577 22
7578 1
7579 0
7580 33
7581 24
7582 25
7583 14
7584 33
7585 4
7586 2
7587 11
7588 11
7589 6
7590 2
7591 7
7592 9
7593 20
7594 3
7595 5
7596 17
7597 11
7598 5
7599 4
7600 2
7601 24
7602 3
7603 6
7604 26
7605 10
7606 3
7607 3
7608 33
7609 26
7610 20
7611 3
7612 3
7613 2
7614 1
7615 14
7616 14
7617 20
7618 5
7619 8
7620 9
7621 7
7622 11
7623 12
7624 6
7625 3
7626 4
7627 11
7628 13
7629 1
7630 3
7631 33
7632 5
7633 0
7634 2
7635 24
7636 2
7637 2
7638 20
7639 17
7640 1
7641 3
7642 7
7643 10
7644 6
7645 10
7646 12
7647 3
7648 6
7649 9
7650 10
7651 2
7652 6
7653 7
7654 3
7655 1
7656 26
7657 5
7658 9
7659 0
7660 4
7661 2
7662 2
7663 0
7664 26
7665 3
7666 10
7667 3
7668 33
7669 33
7670 24
7671 8
7672 3
7673 0
7674 14
7675 25
7676 7
7677 9
7678 3
7679 9
7680 11
7681 26
7682 1
7683 3
7684 6
7685 3
7686 11
7687 11
7688 0
7689 3
7690 5
7691 6
7692 7
7693 5
7694 32
7695 14
7696 6
7697 3
7698 10
7699 4
7700 3
7701 33
7702 19
7703 2
7704 9
7705 3
7706 4
7707 6
7708 0
7709 2
7710 16
7711 10
7712 8
7713 9
7714 33
7715 11
7716 13
7717 10
7718 5
7719 3
7720 2
7721 2
7722 21
7723 10
7724 9
7725 4
7726 8
7727 24
7728 7
7729 19
7730 10
7731 2
7732 9
7733 5
7734 9
7735 4
7736 6
7737 32
7738 0
7739 25
7740 33
7741 13
7742 10
7743 5
7744 7
7745 5
7746 2
7747 29
7748 20
7749 8
7750 5
7751 4
7752 13
7753 6
7754 7
7755 28
7756 26
7757 8
7758 0
7759 33
7760 33
7761 3
7762 1
7763 10
7764 32
7765 5
7766 5
7767 4
7768 4
7769 3
7770 25
7771 12
7772 26
7773 9
7774 5
7775 3
7776 1
7777 33
7778 16
7779 30
7780 6
7781 3
7782 5
7783 9
7784 8
7785 4
7786 20
7787 28
7788 3
7789 6
7790 9
7791 9
7792 8
7793 27
7794 30
7795 4
7796 3
7797 34
7798 8
7799 21
7800 9
7801 33
7802 16
7803 4
7804 7
7805 14
7806 20
7807 8
7808 8
7809 2
7810 11
7811 10
7812 26
7813 1
7814 3
7815 5
7816 9
7817 15
7818 15
7819 8
7820 3
7821 8
7822 33
7823 17
7824 22
7825 22
7826 2
7827 5
7828 33
7829 30
7830 1
7831 8
7832 27
7833 33
7834 4
7835 1
7836 15
7837 14
7838 7
7839 6
7840 5
7841 3
7842 1
7843 17
7844 16
7845 33
7846 5
7847 2
7848 6
7849 6
7850 5
7851 1
7852 20
7853 4
7854 5
7855 4
7856 1
7857 26
7858 1
7859 3
7860 7
7861 2
7862 12
7863 11
7864 26
7865 1
7866 9
7867 8
7868 4
7869 8
7870 10
7871 10
7872 6
7873 3
7874 8
7875 31
7876 32
7877 4
7878 0
7879 8
7880 4
7881 0
7882 7
7883 33
7884 3
7885 5
7886 26
7887 0
7888 33
7889 33
7890 9
7891 6
7892 3
7893 17
7894 26
7895 2
7896 2
7897 33
7898 8
7899 7
7900 8
7901 3
7902 1
7903 33
7904 26
7905 6
7906 7
7907 9
7908 6
7909 3
7910 28
7911 10
7912 26
7913 1
7914 3
7915 9
7916 9
7917 9
7918 10
7919 11
7920 10
7921 6
7922 7
7923 33
7924 10
7925 10
7926 6
7927 33
7928 2
7929 2
7930 15
7931 22
7932 5
7933 24
7934 5
7935 3
7936 5
7937 9
7938 4
7939 12
7940 17
7941 5
7942 3
7943 6
7944 6
7945 15
7946 11
7947 2
7948 2
7949 1
7950 4
7951 23
7952 27
7953 8
7954 8
7955 3
7956 2
7957 2
7958 2
7959 15
7960 23
7961 3
7962 6
7963 5
7964 11
7965 17
7966 5
7967 2
7968 24
7969 33
7970 9
7971 7
7972 5
7973 2
7974 2
7975 20
7976 10
7977 0
7978 4
7979 4
7980 2
7981 10
7982 12
7983 33
7984 33
7985 25
7986 30
7987 7
7988 4
7989 3
7990 1
7991 3
7992 21
7993 11
7994 3
7995 33
7996 33
7997 26
7998 10
7999 7
8000 7
8001 8
8002 8
8003 10
8004 11
8005 3
8006 2
8007 5
8008 22
8009 23
8010 11
8011 4
8012 3
8013 9
8014 3
8015 20
8016 8
8017 33
8018 33
8019 4
8020 20
8021 33
8022 33
8023 33
8024 33
8025 7
8026 0
8027 8
8028 31
8029 26
8030 1
8031 3
8032 33
8033 2
8034 2
8035 26
8036 10
8037 33
8038 0
8039 3
8040 3
8041 1
8042 7
8043 10
8044 10
8045 28
8046 7
8047 9
8048 5
8049 3
8050 1
8051 9
8052 3
8053 25
8054 15
8055 33
8056 16
8057 30
8058 3
8059 2
8060 3
8061 1
8062 10
8063 12
8064 9
8065 7
8066 7
8067 17
8068 11
8069 14
8070 7
8071 24
8072 14
8073 17
8074 14
8075 3
8076 3
8077 33
8078 23
8079 33
8080 3
8081 8
8082 7
8083 3
8084 20
8085 0
8086 32
8087 4
8088 7
8089 2
8090 5
8091 26
8092 1
8093 9
8094 9
8095 8
8096 27
8097 30
8098 4
8099 3
8100 33
8101 3
8102 30
8103 4
8104 20
8105 6
8106 2
8107 6
8108 7
8109 11
8110 12
8111 33
8112 33
8113 4
8114 3
8115 2
8116 26
8117 21
8118 8
8119 4
8120 7
8121 2
8122 4
8123 31
8124 14
8125 23
8126 1
8127 0
8128 8
8129 9
8130 8
8131 2
8132 9
8133 23
8134 33
8135 30
8136 12
8137 3
8138 9
8139 1
8140 0
8141 14
8142 31
8143 0
8144 3
8145 33
8146 5
8147 0
8148 1
8149 2
8150 13
8151 1
8152 3
8153 6
8154 7
8155 19
8156 10
8157 3
8158 2
8159 9
8160 3
8161 4
8162 32
8163 11
8164 5
8165 4
8166 0
8167 0
8168 33
8169 33
8170 4
8171 24
8172 24
8173 23
8174 16
8175 33
8176 3
8177 4
8178 11
8179 23
8180 9
8181 6
8182 4
8183 6
8184 8
8185 3
8186 29
8187 23
8188 13
8189 3
8190 33
8191 5
8192 11
8193 16
8194 33
8195 5
8196 9
8197 24
8198 3
8199 5
8200 17
8201 12
8202 5
8203 8
8204 7
8205 7
8206 4
8207 6
8208 0
8209 3
8210 11
8211 3
8212 17
8213 4
8214 6
8215 2
8216 1
8217 4
8218 10
8219 20
8220 5
8221 3
8222 33
8223 33
8224 20
8225 3
8226 0
8227 4
8228 2
8229 9
8230 2
8231 4
8232 8
8233 10
8234 7
8235 6
8236 10
8237 11
8238 8
8239 5
8240 5
8241 3
8242 1
8243 23
8244 14
8245 33
8246 25
8247 5
8248 2
8249 33
8250 33
8251 11
8252 10
8253 5
8254 0
8255 8
8256 2
8257 10
8258 20
8259 5
8260 6
8261 9
8262 17
8263 28
8264 3
8265 6
8266 2
8267 5
8268 6
8269 29
8270 13
8271 11
8272 4
8273 3
8274 20
8275 3
8276 7
8277 3
8278 7
8279 11
8280 12
8281 33
8282 10
8283 8
8284 5
8285 1
8286 7
8287 20
8288 33
8289 5
8290 8
8291 1
8292 10
8293 4
8294 33
8295 1
8296 1
8297 0
8298 33
8299 2
8300 2
8301 4
8302 3
8303 20
8304 21
8305 16
8306 5
8307 3
8308 33
8309 33
8310 33
8311 33
8312 33
8313 33
8314 4
8315 0
8316 7
8317 16
8318 25
8319 2
8320 2
8321 3
8322 1
8323 4
8324 25
8325 27
8326 8
8327 7
8328 2
8329 3
8330 7
8331 25
8332 23
8333 3
8334 6
8335 33
8336 21
8337 18
8338 13
8339 11
8340 26
8341 33
8342 21
8343 14
8344 14
8345 13
8346 31
8347 14
8348 27
8349 9
8350 14
8351 11
8352 6
8353 8
8354 3
8355 26
8356 25
8357 3
8358 3
8359 4
8360 11
8361 2
8362 26
8363 21
8364 4
8365 7
8366 33
8367 7
8368 6
8369 0
8370 13
8371 9
8372 2
8373 6
8374 33
8375 16
8376 10
8377 3
8378 1
8379 1
8380 8
8381 20
8382 27
8383 3
8384 3
8385 6
8386 29
8387 27
8388 7
8389 2
8390 6
8391 1
8392 17
8393 20
8394 20
8395 3
8396 3
8397 23
8398 9
8399 9
8400 23
8401 4
8402 3
8403 9
8404 27
8405 11
8406 4
8407 3
8408 9
8409 11
8410 28
8411 4
8412 2
8413 8
8414 33
8415 33
8416 17
8417 2
8418 3
8419 4
8420 8
8421 20
8422 3
8423 3
8424 4
8425 1
8426 7
8427 13
8428 1
8429 3
8430 1
8431 4
8432 28
8433 28
8434 11
8435 3
8436 3
8437 14
8438 17
8439 7
8440 2
8441 5
8442 3
8443 9
8444 14
8445 15
8446 9
8447 4
8448 9
8449 33
8450 3
8451 9
8452 0
8453 2
8454 22
8455 11
8456 14
8457 33
8458 15
8459 30
8460 33
8461 0
8462 7
8463 1
8464 14
8465 30
8466 7
8467 1
8468 10
8469 2
8470 2
8471 3
8472 11
8473 10
8474 4
8475 2
8476 3
8477 1
8478 23
8479 17
8480 4
8481 3
8482 33
8483 23
8484 9
8485 24
8486 5
8487 8
8488 23
8489 20
8490 6
8491 31
8492 1
8493 3
8494 3
8495 3
8496 1
8497 26
8498 25
8499 1
8500 1
8501 4
8502 1
8503 24
8504 7
8505 16
8506 26
8507 2
8508 2
8509 10
8510 7
8511 8
8512 3
8513 8
8514 11
8515 1
8516 2
8517 7
8518 33
8519 23
8520 3
8521 6
8522 14
8523 9
8524 3
8525 2
8526 14
8527 28
8528 10
8529 1
8530 3
8531 6
8532 31
8533 26
8534 1
8535 3
8536 0
8537 3
8538 4
8539 3
8540 33
8541 30
8542 10
8543 0
8544 5
8545 8
8546 0
8547 10
8548 11
8549 1
8550 7
8551 11
8552 10
8553 10
8554 1
8555 3
8556 33
8557 14
8558 33
8559 26
8560 8
8561 6
8562 7
8563 14
8564 30
8565 2
8566 2
8567 25
8568 16
8569 6
8570 4
8571 6
8572 0
8573 2
8574 11
8575 16
8576 26
8577 5
8578 3
8579 6
8580 7
8581 2
8582 5
8583 15
8584 10
8585 5
8586 1
8587 1
8588 7
8589 22
8590 26
8591 1
8592 3
8593 33
8594 33
8595 21
8596 8
8597 34
8598 9
8599 13
8600 8
8601 8
8602 13
8603 26
8604 13
8605 3
8606 33
8607 24
8608 8
8609 7
8610 9
8611 27
8612 9
8613 2
8614 4
8615 6
8616 6
8617 22
8618 11
8619 14
8620 3
8621 1
8622 13
8623 22
8624 4
8625 4
8626 7
8627 6
8628 3
8629 8
8630 11
8631 10
8632 6
8633 7
8634 33
8635 3
8636 7
8637 23
8638 19
8639 21
8640 6
8641 1
8642 3
8643 1
8644 26
8645 9
8646 0
8647 9
8648 33
8649 4
8650 7
8651 1
8652 19
8653 31
8654 0
8655 33
8656 9
8657 5
8658 11
8659 16
8660 10
8661 1
8662 3
8663 7
8664 11
8665 22
8666 10
8667 4
8668 1
8669 0
8670 6
8671 11
8672 26
8673 1
8674 1
8675 4
8676 33
8677 9
8678 4
8679 12
8680 11
8681 3
8682 7
8683 7
8684 26
8685 10
8686 7
8687 6
8688 8
8689 7
8690 10
8691 11
8692 33
8693 24
8694 1
8695 29
8696 33
8697 6
8698 24
8699 12
8700 11
8701 7
8702 9
8703 8
8704 5
8705 20
8706 1
8707 7
8708 8
8709 7
8710 19
8711 32
8712 4
8713 6
8714 0
8715 6
8716 17
8717 25
8718 2
8719 0
8720 9
8721 2
8722 2
8723 11
8724 20
8725 4
8726 3
8727 0
8728 6
8729 2
8730 29
8731 23
8732 3
8733 6
8734 33
8735 11
8736 7
8737 13
8738 15
8739 4
8740 8
8741 9
8742 5
8743 27
8744 11
8745 4
8746 3
8747 33
8748 0
8749 4
8750 14
8751 3
8752 25
8753 33
8754 4
8755 8
8756 9
8757 6
8758 26
8759 1
8760 3
8761 9
8762 10
8763 4
8764 3
8765 0
8766 8
8767 5
8768 4
8769 9
8770 5
8771 16
8772 26
8773 1
8774 3
8775 3
8776 6
8777 14
8778 26
8779 4
8780 3
8781 3
8782 1
8783 20
8784 9
8785 5
8786 9
8787 0
8788 33
8789 14
8790 17
8791 11
8792 2
8793 4
8794 3
8795 33
8796 6
8797 8
8798 11
8799 13
8800 6
8801 7
8802 8
8803 31
8804 32
8805 8
8806 2
8807 9
8808 5
8809 16
8810 30
8811 3
8812 9
8813 2
8814 9
8815 10
8816 12
8817 0
8818 6
8819 11
8820 14
8821 19
8822 9
8823 7
8824 1
8825 5
8826 9
8827 28
8828 12
8829 9
8830 7
8831 8
8832 8
8833 8
8834 33
8835 6
8836 8
8837 11
8838 16
8839 5
8840 4
8841 5
8842 5
8843 1
8844 3
8845 21
8846 32
8847 4
8848 5
8849 1
8850 6
8851 13
8852 19
8853 10
8854 1
8855 3
8856 10
8857 33
8858 9
8859 5
8860 10
8861 4
8862 11
8863 32
8864 5
8865 1
8866 24
8867 4
8868 6
8869 9
8870 8
8871 1
8872 20
8873 29
8874 4
8875 3
8876 33
8877 0
8878 9
8879 1
8880 3
8881 31
8882 28
8883 4
8884 3
8885 14
8886 33
8887 25
8888 4
8889 2
8890 3
8891 7
8892 6
8893 3
8894 23
8895 29
8896 9
8897 0
8898 2
8899 8
8900 17
8901 7
8902 8
8903 25
8904 10
8905 7
8906 15
8907 5
8908 4
8909 4
8910 33
8911 33
8912 33
8913 10
8914 32
8915 3
8916 12
8917 23
8918 9
8919 2
8920 4
8921 8
8922 19
8923 20
8924 33
8925 6
8926 5
8927 24
8928 9
8929 4
8930 3
8931 2
8932 10
8933 28
8934 7
8935 23
8936 22
8937 32
8938 6
8939 8
8940 3
8941 0
8942 6
8943 2
8944 29
8945 23
8946 3
8947 6
8948 9
8949 3
8950 13
8951 11
8952 7
8953 7
8954 9
8955 33
8956 25
8957 0
8958 32
8959 7
8960 7
8961 1
8962 3
8963 33
8964 33
8965 10
8966 0
8967 9
8968 11
8969 33
8970 32
8971 1
8972 6
8973 10
8974 0
8975 32
8976 2
8977 4
8978 3
8979 3
8980 13
8981 21
8982 22
8983 3
8984 0
8985 33
8986 20
8987 6
8988 4
8989 8
8990 2
8991 10
8992 23
8993 2
8994 2
8995 23
8996 25
8997 5
8998 9
8999 7
9000 4
9001 4
9002 10
9003 26
9004 2
9005 2
9006 3
9007 1
9008 26
9009 10
9010 28
9011 8
9012 4
9013 33
9014 4
9015 4
9016 3
9017 2
9018 2
9019 2
9020 9
9021 9
9022 7
9023 26
9024 15
9025 4
9026 3
9027 3
9028 1
9029 26
9030 27
9031 2
9032 2
9033 8
9034 4
9035 0
9036 4
9037 14
9038 25
9039 2
9040 2
9041 1
9042 1
9043 1
9044 33
9045 15
9046 10
9047 5
9048 2
9049 6
9050 7
9051 19
9052 26
9053 2
9054 2
9055 0
9056 6
9057 0
9058 12
9059 9
9060 3
9061 6
9062 8
9063 16
9064 11
9065 9
9066 7
9067 7
9068 2
9069 2
9070 25
9071 4
9072 0
9073 4
9074 2
9075 2
9076 15
9077 16
9078 3
9079 7
9080 1
9081 7
9082 3
9083 4
9084 10
9085 27
9086 0
9087 3
9088 33
9089 5
9090 10
9091 9
9092 23
9093 10
9094 1
9095 5
9096 2
9097 9
9098 20
9099 25
9100 7
9101 0
9102 8
9103 9
9104 1
9105 5
9106 17
9107 31
9108 0
9109 3
9110 3
9111 8
9112 28
9113 10
9114 26
9115 1
9116 2
9117 33
9118 23
9119 0
9120 6
9121 0
9122 6
9123 12
9124 15
9125 11
9126 4
9127 3
9128 33
9129 20
9130 0
9131 23
9132 1
9133 4
9134 7
9135 2
9136 25
9137 2
9138 10
9139 6
9140 4
9141 4
9142 3
9143 3
9144 19
9145 14
9146 13
9147 2
9148 3
9149 33
9150 33
9151 3
9152 30
9153 11
9154 11
9155 4
9156 3
9157 28
9158 19
9159 11
9160 3
9161 5
9162 3
9163 3
9164 3
9165 1
9166 26
9167 16
9168 4
9169 4
9170 3
9171 8
9172 7
9173 7
9174 22
9175 31
9176 10
9177 33
9178 3
9179 4
9180 30
9181 2
9182 8
9183 29
9184 3
9185 8
9186 33
9187 10
9188 17
9189 32
9190 9
9191 33
9192 7
9193 33
9194 24
9195 6
9196 5
9197 20
9198 19
9199 8
9200 4
9201 33
9202 8
9203 6
9204 11
9205 15
9206 5
9207 8
9208 7
9209 5
9210 8
9211 4
9212 8
9213 20
9214 11
9215 14
9216 14
9217 11
9218 20
9219 4
9220 8
9221 5
9222 20
9223 4
9224 2
9225 7
9226 7
9227 11
9228 20
9229 8
9230 5
9231 6
9232 33
9233 14
9234 13
9235 6
9236 7
9237 10
9238 6
9239 8
9240 3
9241 27
9242 7
9243 7
9244 7
9245 2
9246 10
9247 10
9248 17
9249 8
9250 7
9251 6
9252 21
9253 24
9254 23
9255 16
9256 30
9257 14
9258 17
9259 12
9260 21
9261 14
9262 8
9263 6
9264 8
9265 3
9266 10
9267 21
9268 4
9269 3
9270 33
9271 3
9272 3
9273 10
9274 26
9275 6
9276 33
9277 3
9278 8
9279 3
9280 9
9281 12
9282 10
9283 6
9284 7
9285 22
9286 17
9287 6
9288 1
9289 4
9290 1
9291 2
9292 2
9293 3
9294 20
9295 31
9296 4
9297 3
9298 2
9299 5
9300 1
9301 25
9302 28
9303 5
9304 3
9305 6
9306 2
9307 2
9308 4
9309 3
9310 16
9311 25
9312 6
9313 33
9314 14
9315 11
9316 20
9317 4
9318 5
9319 0
9320 5
9321 5
9322 7
9323 22
9324 25
9325 19
9326 3
9327 2
9328 5
9329 22
9330 23
9331 11
9332 4
9333 3
9334 5
9335 2
9336 2
9337 5
9338 15
9339 23
9340 5
9341 20
9342 29
9343 5
9344 9
9345 27
9346 0
9347 3
9348 1
9349 10
9350 19
9351 9
9352 0
9353 4
9354 7
9355 7
9356 9
9357 26
9358 1
9359 9
9360 3
9361 17
9362 13
9363 21
9364 10
9365 1
9366 1
9367 2
9368 3
9369 2
9370 8
9371 31
9372 10
9373 20
9374 9
9375 7
9376 2
9377 6
9378 11
9379 11
9380 33
9381 1
9382 33
9383 9
9384 2
9385 10
9386 19
9387 7
9388 0
9389 33
9390 6
9391 11
9392 8
9393 15
9394 7
9395 5
9396 8
9397 3
9398 5
9399 9
9400 10
9401 16
9402 33
9403 1
9404 3
9405 33
9406 7
9407 1
9408 8
9409 8
9410 14
9411 1
9412 3
9413 3
9414 1
9415 10
9416 12
9417 13
9418 4
9419 7
9420 3
9421 33
9422 33
9423 3
9424 1
9425 5
9426 5
9427 2
9428 30
9429 16
9430 1
9431 3
9432 3
9433 7
9434 7
9435 29
9436 16
9437 1
9438 3
9439 7
9440 8
9441 16
9442 25
9443 17
9444 20
9445 17
9446 32
9447 6
9448 6
9449 6
9450 33
9451 0
9452 6
9453 4
9454 7
9455 33
9456 7
9457 4
9458 5
9459 5
9460 32
9461 21
9462 4
9463 3
9464 33
9465 11
9466 10
9467 6
9468 6
9469 0
9470 6
9471 30
9472 16
9473 10
9474 33
9475 20
9476 14
9477 4
9478 24
9479 6
9480 6
9481 7
9482 3
9483 1
9484 32
9485 14
9486 4
9487 6
9488 1
9489 3
9490 5
9491 28
9492 19
9493 11
9494 3
9495 3
9496 33
9497 11
9498 20
9499 6
9500 8
9501 7
9502 9
9503 4
9504 22
9505 1
9506 9
9507 23
9508 6
9509 6
9510 1
9511 6
9512 9
9513 14
9514 14
9515 14
9516 33
9517 1
9518 7
9519 1
9520 5
9521 6
9522 33
9523 3
9524 9
9525 27
9526 26
9527 6
9528 33
9529 33
9530 5
9531 8
9532 4
9533 13
9534 11
9535 8
9536 6
9537 33
9538 33
9539 9
9540 24
9541 11
9542 2
9543 33
9544 33
9545 8
9546 3
9547 0
9548 25
9549 13
9550 1
9551 3
9552 33
9553 14
9554 11
9555 2
9556 9
9557 0
9558 7
9559 3
9560 4
9561 32
9562 28
9563 30
9564 0
9565 5
9566 33
9567 6
9568 11
9569 8
9570 4
9571 5
9572 16
9573 5
9574 10
9575 31
9576 22
9577 7
9578 7
9579 8
9580 33
9581 6
9582 5
9583 3
9584 22
9585 14
9586 11
9587 24
9588 31
9589 3
9590 9
9591 33
9592 16
9593 30
9594 3
9595 9
9596 5
9597 24
9598 10
9599 13
9600 33
9601 7
9602 0
9603 6
9604 11
9605 29
9606 2
9607 7
9608 3
9609 3
9610 33
9611 33
9612 0
9613 9
9614 12
9615 13
9616 6
9617 7
9618 8
9619 2
9620 26
9621 13
9622 6
9623 7
9624 9
9625 3
9626 4
9627 33
9628 4
9629 5
9630 8
9631 16
9632 26
9633 1
9634 3
9635 23
9636 25
9637 4
9638 3
9639 0
9640 11
9641 2
9642 0
9643 12
9644 11
9645 3
9646 7
9647 3
9648 3
9649 6
9650 1
9651 3
9652 0
9653 23
9654 20
9655 4
9656 3
9657 23
9658 4
9659 1
9660 3
9661 7
9662 19
9663 26
9664 1
9665 3
9666 7
9667 10
9668 6
9669 28
9670 24
9671 7
9672 9
9673 3
9674 4
9675 32
9676 27
9677 3
9678 3
9679 1
9680 5
9681 3
9682 4
9683 26
9684 15
9685 7
9686 9
9687 9
9688 2
9689 7
9690 6
9691 13
9692 20
9693 4
9694 9
9695 4
9696 20
9697 3
9698 4
9699 4
9700 33
9701 10
9702 7
9703 10
9704 27
9705 2
9706 1
9707 6
9708 33
9709 7
9710 26
9711 9
9712 4
9713 9
9714 7
9715 0
9716 6
9717 29
9718 26
9719 33
9720 10
9721 33
9722 10
9723 12
9724 14
9725 25
9726 5
9727 9
9728 20
9729 27
9730 33
9731 33
9732 0
9733 25
9734 32
9735 4
9736 3
9737 2
9738 4
9739 5
9740 4
9741 22
9742 17
9743 9
9744 1
9745 8
9746 16
9747 22
9748 4
9749 3
9750 4
9751 3
9752 22
9753 3
9754 6
9755 11
9756 14
9757 3
9758 1
9759 26
9760 10
9761 30
9762 4
9763 9
9764 1
9765 0
9766 33
9767 6
9768 7
9769 13
9770 20
9771 5
9772 6
9773 1
9774 33
9775 2
9776 1
9777 0
9778 4
9779 28
9780 0
9781 3
9782 3
9783 33
9784 26
9785 28
9786 2
9787 3
9788 2
9789 3
9790 32
9791 26
9792 1
9793 3
9794 33
9795 33
9796 0
9797 5
9798 4
9799 6
9800 33
9801 31
9802 6
9803 0
9804 2
9805 6
9806 33
9807 13
9808 6
9809 7
9810 4
9811 1
9812 6
9813 10
9814 28
9815 3
9816 6
9817 3
9818 10
9819 26
9820 8
9821 2
9822 5
9823 3
9824 9
9825 28
9826 20
9827 12
9828 3
9829 3
9830 24
9831 1
9832 24
9833 5
9834 2
9835 7
9836 3
9837 2
9838 25
9839 4
9840 0
9841 33
9842 33
9843 14
9844 11
9845 20
9846 6
9847 3
9848 4
9849 11
9850 27
9851 22
9852 6
9853 2
9854 9
9855 4
9856 4
9857 15
9858 11
9859 6
9860 8
9861 24
9862 10
9863 23
9864 33
9865 17
9866 22
9867 4
9868 4
9869 5
9870 7
9871 3
9872 8
9873 17
9874 20
9875 14
9876 3
9877 3
9878 6
9879 7
9880 0
9881 22
9882 26
9883 7
9884 2
9885 4
9886 3
9887 33
9888 3
9889 1
9890 26
9891 5
9892 3
9893 0
9894 33
9895 33
9896 12
9897 7
9898 2
9899 3
9900 7
9901 33
9902 33
9903 3
9904 1
9905 26
9906 7
9907 2
9908 0
9909 1
9910 9
9911 9
9912 4
9913 26
9914 1
9915 3
9916 3
9917 3
9918 33
9919 32
9920 27
9921 33
9922 2
9923 2
9924 0
9925 13
9926 26
9927 2
9928 2
9929 3
9930 23
9931 9
9932 2
9933 9
9934 1
9935 0
9936 14
9937 31
9938 0
9939 3
9940 11
9941 10
9942 1
9943 3
9944 0
9945 7
9946 10
9947 26
9948 7
9949 31
9950 13
9951 13
9952 3
9953 3
9954 22
9955 26
9956 1
9957 4
9958 7
9959 24
9960 3
9961 1
9962 26
9963 31
9964 7
9965 3
9966 6
9967 1
9968 4
9969 10
9970 22
9971 11
9972 7
9973 2
9974 33
9975 33
9976 31
9977 4
9978 23
9979 24
9980 5
9981 24
9982 3
9983 1
9984 26
9985 10
9986 30
9987 5
9988 7
9989 12
9990 21
9991 2
9992 5
9993 4
9994 1
9995 4
9996 3
9997 4
9998 10
9999 13
10000 33
10001 4
10002 8
10003 1
10004 3
10005 1
10006 26
10007 16
10008 3
10009 4
10010 33
10011 2
10012 25
10013 12
10014 23
10015 1
10016 4
10017 8
10018 23
10019 13
10020 6
10021 7
10022 0
10023 0
10024 3
10025 13
10026 17
10027 8
10028 3
10029 9
10030 15
10031 12
10032 0
10033 6
10034 0
10035 4
10036 5
10037 4
10038 7
10039 4
10040 30
10041 25
10042 1
10043 6
10044 33
10045 33
10046 27
10047 4
10048 0
10049 0
10050 20
10051 10
10052 7
10053 22
10054 5
10055 4
10056 21
10057 16
10058 20
10059 4
10060 11
10061 15
10062 33
10063 0
10064 9
10065 0
10066 29
10067 23
10068 3
10069 6
10070 3
10071 1
10072 14
10073 16
10074 24
10075 9
10076 1
10077 3
10078 4
10079 33
10080 32
10081 1
10082 3
10083 6
10084 4
10085 2
10086 6
10087 3
10088 29
10089 16
10090 3
10091 4
10092 0
10093 0
10094 4
10095 28
10096 0
10097 3
10098 1
10099 6
10100 11
10101 12
10102 14
10103 8
10104 4
10105 6
10106 7
10107 19
10108 10
10109 3
10110 3
10111 0
10112 3
10113 1
10114 10
10115 28
10116 0
10117 0
10118 7
10119 33
10120 28
10121 11
10122 9
10123 2
10124 24
10125 30
10126 16
10127 27
10128 33
10129 20
10130 8
10131 7
10132 24
10133 7
10134 10
10135 2
10136 9
10137 5
10138 16
10139 26
10140 3
10141 7
10142 1
10143 24
10144 7
10145 26
10146 3
10147 8
10148 9
10149 31
10150 28
10151 11
10152 3
10153 6
10154 7
10155 12
10156 13
10157 2
10158 8
10159 24
10160 5
10161 0
10162 4
10163 26
10164 1
10165 3
10166 0
10167 6
10168 10
10169 11
10170 31
10171 8
10172 4
10173 33
10174 33
10175 33
10176 3
10177 1
10178 10
10179 11
10180 5
10181 2
10182 5
10183 3
10184 0
10185 9
10186 8
10187 32
10188 20
10189 4
10190 2
10191 26
10192 3
10193 21
10194 14
10195 3
10196 30
10197 23
10198 6
10199 5
10200 6
10201 6
10202 8
10203 8
10204 9
10205 26
10206 15
10207 10
10208 5
10209 3
10210 3
10211 2
10212 11
10213 25
10214 10
10215 1
10216 3
10217 33
10218 2
10219 2
10220 14
10221 20
10222 5
10223 8
10224 7
10225 8
10226 4
10227 2
10228 33
10229 6
10230 3
10231 33
10232 19
10233 4
10234 6
10235 8
10236 11
10237 9
10238 5
10239 3
10240 3
10241 0
10242 27
10243 10
10244 4
10245 33
10246 3
10247 7
10248 2
10249 4
10250 21
10251 25
10252 2
10253 4
10254 0
10255 1
10256 7
10257 9
10258 19
10259 11
10260 0
10261 33
10262 33
10263 16
10264 11
10265 0
10266 9
10267 5
10268 5
10269 7
10270 3
10271 7
10272 33
10273 33
10274 33
10275 1
10276 19
10277 15
10278 4
10279 14
10280 0
10281 5
10282 6
10283 31
10284 19
10285 10
10286 1
10287 3
10288 9
10289 2
10290 6
10291 20
10292 10
10293 33
10294 24
10295 5
10296 0
10297 9
10298 13
10299 13
10300 6
10301 7
10302 4
10303 23
10304 7
10305 26
10306 13
10307 3
10308 3
10309 7
10310 9
10311 6
10312 21
10313 11
10314 34
10315 15
10316 3
10317 16
10318 2
10319 7
10320 2
10321 7
10322 8
10323 0
10324 31
10325 26
10326 3
10327 3
10328 1
10329 14
10330 16
10331 3
10332 4
10333 2
10334 9
10335 2
10336 6
10337 28
10338 11
10339 3
10340 8
10341 9
10342 9
10343 9
10344 9
10345 23
10346 24
10347 2
10348 31
10349 10
10350 26
10351 1
10352 3
10353 1
10354 2
10355 6
10356 27
10357 23
10358 5
10359 6
10360 33
10361 3
10362 5
10363 33
10364 3
10365 2
10366 6
10367 7
10368 3
10369 25
10370 0
10371 33
10372 11
10373 1
10374 3
10375 2
10376 28
10377 28
10378 12
10379 33
10380 0
10381 25
10382 8
10383 2
10384 7
10385 7
10386 1
10387 26
10388 10
10389 29
10390 1
10391 9
10392 4
10393 3
10394 31
10395 29
10396 9
10397 13
10398 6
10399 7
10400 12
10401 8
10402 3
10403 7
10404 8
10405 6
10406 11
10407 14
10408 7
10409 1
10410 4
10411 21
10412 25
10413 2
10414 7
10415 2
10416 7
10417 7
10418 3
10419 4
10420 10
10421 28
10422 7
10423 2
10424 33
10425 6
10426 7
10427 2
10428 5
10429 10
10430 5
10431 15
10432 2
10433 2
10434 10
10435 0
10436 25
10437 2
10438 2
10439 4
10440 3
10441 16
10442 22
10443 9
10444 1
10445 8
10446 28
10447 14
10448 33
10449 8
10450 5
10451 0
10452 5
10453 33
10454 10
10455 15
10456 10
10457 7
10458 3
10459 3
10460 3
10461 5
10462 29
10463 16
10464 4
10465 3
10466 4
10467 9
10468 3
10469 9
10470 27
10471 11
10472 4
10473 3
10474 8
10475 6
10476 1
10477 30
10478 26
10479 3
10480 33
10481 33
10482 3
10483 0
10484 8
10485 4
10486 5
10487 12
10488 13
10489 11
10490 4
10491 3
10492 8
10493 4
10494 5
10495 8
10496 14
10497 1
10498 3
10499 6
10500 2
